-1.50;0.01;
-1.50;-0.00;-0.00;-0.00;0.01;-1.50;0.00;-1.50;0.00;
-1.50;0.00;-0.00;-0.00;0.01;-1.50;0.00;-1.50;-0.01;
.50;0.00;-1.50;0.01;
-1.50;-0.00;-0.00;-0.00;0.01;-1.50;0.00;-1.50;0.00;
-1.50;0.00;-0.00;-0.00;0.01;-1.50;0.00;-1.50;-0.01;
X1_sin_ct; X2_sin_ct;X3_sin_ct; X4_sin_ct;X5_sin_ct;Ref_sin_ct;U_sin_ct;V1_sin_ct;V2_sin_ct
Volt [V];Volt [V];Volt [V];Volt [V];Volt [V];Volt [V];Volt [V];Volt [V];Volt [V];
0.00;0.00;0.00;0.00;0.00;-1.50;-0.81;-1.17;0.61;
-1.61;1.20;-0.00;-0.01;0.06;-1.50;0.85;-2.41;1.18;
-3.15;0.36;-0.00;-0.01;0.11;-1.50;1.15;-2.50;0.51;
-2.21;-1.11;-0.00;-0.00;0.08;-1.50;-0.34;-2.50;-0.82;
-1.39;-0.64;-0.00;-0.00;0.10;-1.50;-0.48;-1.86;-0.48;
-1.38;0.02;-0.00;0.00;0.13;-1.50;-0.04;-1.62;0.09;
-1.65;0.13;-0.01;0.00;0.14;-1.50;0.17;-1.74;0.13;
-1.77;-0.05;-0.01;0.01;0.14;-1.50;0.11;-1.79;-0.08;
-1.64;-0.18;-0.01;0.02;0.13;-1.50;-0.05;-1.63;-0.18;
-1.45;-0.14;-0.01;0.02;0.12;-1.50;-0.13;-1.45;-0.11;
-1.37;0.00;-0.01;0.03;0.10;-1.50;-0.09;-1.41;0.04;
-1.46;0.09;-0.01;0.03;0.09;-1.50;0.01;-1.54;0.16;
-1.61;0.07;-0.01;0.04;0.07;-1.50;0.07;-1.74;0.18;
-1.73;-0.03;-0.01;0.04;0.06;-1.50;0.07;-1.90;0.09;
-1.77;-0.12;-0.01;0.04;0.04;-1.50;0.03;-1.95;-0.02;
-1.74;-0.16;-0.01;0.04;0.03;-1.50;-0.01;-1.91;-0.05;
-1.68;-0.15;-0.01;0.04;0.02;-1.50;-0.03;-1.86;-0.02;
-1.66;-0.11;-0.01;0.04;0.01;-1.50;-0.02;-1.86;0.02;
-1.70;-0.09;-0.01;0.04;-0.00;-1.50;0.02;-1.91;0.04;
-1.74;-0.10;-0.01;0.03;-0.01;-1.50;0.04;-1.95;0.04;
-1.76;-0.14;-0.01;0.03;-0.02;-1.50;0.03;-1.96;-0.01;
-1.74;-0.16;-0.01;0.03;-0.02;-1.50;0.01;-1.93;-0.05;
-1.71;-0.15;-0.01;0.02;-0.03;-1.50;-0.00;-1.89;-0.03;
-1.68;-0.13;-0.01;0.02;-0.03;-1.50;0.00;-1.85;-0.02;
-1.67;-0.11;-0.01;0.02;-0.03;-1.50;0.02;-1.82;-0.04;
-1.66;-0.11;-0.01;0.01;-0.03;-1.50;0.01;-1.77;-0.05;
-1.62;-0.10;-0.01;0.01;-0.04;-1.50;-0.00;-1.71;-0.06;
-1.58;-0.08;-0.01;0.01;-0.04;-1.50;-0.01;-1.63;-0.08;
-1.53;-0.06;-0.01;0.01;-0.04;-1.50;-0.01;-1.56;-0.05;
-1.50;-0.03;-0.01;0.00;-0.04;-1.50;-0.01;-1.53;-0.00;
-1.51;-0.00;-0.01;0.00;-0.04;-1.50;0.01;-1.52;-0.01;
-1.51;-0.00;-0.01;-0.00;-0.04;-1.50;0.02;-1.49;-0.08;
-1.49;-0.01;-0.01;-0.00;-0.04;-1.50;-0.00;-1.44;-0.05;
-1.44;-0.00;-0.01;-0.00;-0.04;-1.50;-0.02;-1.39;-0.04;
-1.41;0.02;-0.01;-0.01;-0.04;-1.50;-0.02;-1.34;-0.03;
-1.40;0.05;-0.01;-0.01;-0.04;-1.50;-0.00;-1.33;-0.00;
-1.41;0.06;-0.01;-0.01;-0.04;-1.50;0.01;-1.33;0.02;
-1.42;0.06;-0.01;-0.01;-0.04;-1.50;0.01;-1.34;0.01;
-1.42;0.05;-0.01;-0.01;-0.04;-1.50;0.01;-1.34;-0.02;
-1.41;0.05;-0.01;-0.01;-0.04;-1.50;0.00;-1.32;-0.00;
-1.40;0.05;-0.01;-0.01;-0.03;-1.50;-0.00;-1.31;-0.00;
-1.40;0.06;-0.01;-0.01;-0.03;-1.50;0.00;-1.30;-0.02;
-1.39;0.06;-0.01;-0.01;-0.03;-1.50;0.01;-1.30;-0.00;
-1.39;0.06;-0.01;-0.01;-0.03;-1.50;0.01;-1.30;0.01;
-1.39;0.06;-0.01;-0.01;-0.02;-1.50;0.01;-1.30;-0.00;
-1.40;0.06;-0.01;-0.01;-0.02;-1.50;0.01;-1.30;-0.00;
-1.40;0.06;-0.01;-0.01;-0.02;-1.50;0.01;-1.31;0.02;
-1.41;0.06;-0.01;-0.01;-0.01;-1.50;0.01;-1.32;0.01;
-1.41;0.06;-0.01;-0.01;-0.01;-1.50;0.01;-1.32;-0.06;
-1.41;0.05;-0.01;-0.01;-0.01;-1.50;0.00;-1.30;-0.03;
-1.39;0.05;-0.01;-0.01;-0.01;-1.50;-0.01;-1.26;-0.02;
-1.35;0.06;-0.01;-0.01;-0.01;-1.50;-0.02;-1.23;-0.03;
-1.35;0.08;-0.01;-0.01;-0.01;-1.50;-0.01;-1.21;-0.00;
-1.35;0.09;-0.01;-0.01;-0.01;-1.50;-0.00;-1.23;0.04;
-1.37;0.09;-0.01;-0.01;-0.01;-1.50;0.00;-1.26;0.03;
-1.39;0.08;-0.01;-0.01;-0.01;-1.50;0.01;-1.30;0.02;
-1.41;0.07;-0.01;-0.01;-0.01;-1.50;0.01;-1.32;0.02;
-1.42;0.05;-0.01;-0.01;-0.01;-1.50;0.00;-1.32;-0.00;
-1.40;0.05;-0.01;-0.01;-0.01;-1.50;-0.01;-1.32;-0.02;
-1.40;0.05;-0.01;-0.01;-0.01;-1.50;-0.01;-1.31;-0.01;
-1.40;0.06;-0.01;-0.01;-0.01;-1.50;-0.00;-1.30;0.01;
-1.40;0.06;-0.01;-0.01;-0.01;-1.50;-0.00;-1.30;0.00;
-1.40;0.06;-0.01;-0.01;-0.02;-1.50;-0.00;-1.31;-0.01;
-1.40;0.06;-0.01;-0.01;-0.02;-1.50;-0.00;-1.31;0.01;
-1.41;0.06;-0.00;-0.01;-0.02;-1.50;-0.00;-1.32;0.02;
-1.41;0.06;-0.00;-0.01;-0.02;-1.50;-0.00;-1.33;0.00;
-1.42;0.06;-0.00;-0.01;-0.02;-1.50;0.00;-1.34;0.01;
-1.42;0.05;-0.00;-0.01;-0.02;-1.50;0.00;-1.36;0.03;
-1.43;0.05;-0.00;-0.01;-0.02;-1.50;0.01;-1.39;0.02;
-1.45;0.04;-0.00;-0.01;-0.02;-1.50;0.01;-1.41;0.01;
-1.46;0.03;-0.00;-0.01;-0.02;-1.50;0.01;-1.42;0.01;
-1.46;0.02;-0.00;-0.01;-0.02;-1.50;0.01;-1.41;-0.01;
-1.45;0.02;-0.00;-0.01;-0.01;-1.50;-0.00;-1.39;-0.02;
-1.43;0.02;-0.00;-0.01;-0.01;-1.50;-0.01;-1.37;-0.02;
-1.42;0.04;-0.00;-0.01;-0.01;-1.50;-0.01;-1.38;0.02;
-1.44;0.05;-0.00;-0.01;-0.01;-1.50;0.01;-1.39;0.01;
-1.45;0.04;-0.00;-0.01;-0.01;-1.50;0.01;-1.39;-0.02;
-1.44;0.03;-0.00;-0.01;-0.01;-1.50;-0.00;-1.38;-0.02;
-1.42;0.03;-0.00;-0.01;-0.00;-1.50;-0.01;-1.35;-0.02;
-1.40;0.04;-0.00;-0.01;-0.00;-1.50;-0.02;-1.33;-0.01;
-1.40;0.05;-0.00;-0.01;-0.01;-1.50;-0.01;-1.35;0.02;
-1.43;0.07;-0.00;-0.01;-0.00;-1.50;0.01;-1.38;0.04;
-1.46;0.05;-0.00;-0.01;-0.00;-1.50;0.02;-1.41;0.01;
-1.46;0.03;-0.00;-0.01;-0.00;-1.50;0.00;-1.41;-0.02;
-1.44;0.02;-0.00;-0.00;-0.00;-1.50;-0.01;-1.40;-0.01;
-1.44;0.03;-0.00;-0.00;-0.00;-1.50;-0.01;-1.40;0.03;
-1.45;0.04;-0.00;-0.00;-0.00;-1.50;0.00;-1.41;0.02;
-1.47;0.04;-0.00;-0.00;-0.00;-1.50;0.01;-1.44;0.01;
-1.49;0.02;-0.00;-0.00;-0.00;-1.50;0.01;-1.46;0.01;
-1.48;0.01;-0.00;-0.00;-0.00;-1.50;0.00;-1.45;-0.01;
-1.47;0.00;-0.00;-0.00;-0.00;-1.50;-0.01;-1.43;-0.02;
-1.45;0.02;-0.00;-0.00;-0.00;-1.50;-0.01;-1.42;0.00;
-1.46;0.03;-0.00;-0.00;-0.00;-1.50;0.00;-1.45;0.04;
-1.49;0.03;-0.00;-0.00;0.00;-1.50;0.02;-1.49;0.04;
-1.52;0.02;-0.00;-0.00;0.00;-1.50;0.03;-1.53;0.01;
-1.53;-0.01;-0.00;-0.00;0.00;-1.50;0.02;-1.53;-0.01;
-1.51;-0.02;-0.00;-0.00;0.01;-1.50;-0.00;-1.52;-0.01;
-1.50;-0.01;-0.00;-0.00;0.01;-1.50;-0.00;-1.49;-0.01;
-1.48;-0.00;-0.00;-0.00;0.01;-1.50;-0.01;-1.47;-0.03;
-1.47;0.01;-0.00;-0.00;0.01;-1.50;-0.01;-1.45;-0.01;
-1.47;0.01;-0.00;-0.00;0.01;-1.50;-0.01;-1.43;-0.00;
-1.46;0.02;-0.00;0.00;0.01;-1.50;-0.01;-1.41;-0.01;
-1.45;0.02;-0.00;0.00;0.00;-1.50;-0.01;-1.41;-0.02;
-1.44;0.03;-0.00;0.00;0.00;-1.50;-0.01;-1.41;0.02;
-1.46;0.04;-0.00;0.00;-0.00;-1.50;-0.00;-1.44;0.06;
-1.49;0.03;-0.00;0.00;-0.00;-1.50;0.02;-1.50;0.05;
-1.53;0.02;-0.00;0.00;-0.00;-1.50;0.03;-1.54;0.01;
-1.54;-0.01;-0.00;0.00;-0.00;-1.50;0.02;-1.56;0.01;
-1.54;-0.03;-0.00;0.00;-0.00;-1.50;0.00;-1.55;-0.01;
-1.51;-0.03;-0.00;0.00;-0.00;-1.50;-0.01;-1.54;-0.02;
-1.51;-0.01;-0.00;-0.00;-0.00;-1.50;0.00;-1.52;-0.02;
-1.51;-0.01;-0.00;-0.00;-0.00;-1.50;0.00;-1.51;0.00;
-1.50;-0.01;-0.00;-0.00;-0.00;-1.50;-0.00;-1.50;-0.00;
-1.50;-0.00;-0.00;-0.00;-0.00;-1.50;-0.00;-1.50;-0.02;
-1.50;0.00;-0.00;-0.00;-0.00;-1.50;0.00;-1.49;0.00;
-1.50;0.00;-0.00;-0.00;-0.00;-1.50;0.00;-1.49;0.02;
-1.50;0.00;-0.00;-0.00;-0.00;-1.50;0.00;-1.50;0.01;
-1.50;0.00;-0.00;-0.00;-0.00;-1.50;0.01;-1.51;-0.01;
-1.51;0.00;-0.00;-0.00;0.00;-1.50;0.01;-1.52;0.01;
-1.51;-0.00;-0.00;-0.00;0.00;-1.50;0.01;-1.53;0.02;
-1.52;-0.01;-0.00;-0.00;0.00;-1.50;0.01;-1.55;0.01;
-1.53;-0.01;-0.00;-0.00;0.00;-1.50;0.01;-1.55;-0.01;
-1.53;-0.02;-0.00;-0.00;0.01;-1.50;0.01;-1.54;-0.02;
-1.51;-0.02;-0.00;-0.00;0.01;-1.50;-0.01;-1.51;-0.02;
-1.49;-0.01;-0.00;-0.00;0.01;-1.50;-0.01;-1.48;-0.04;
-1.47;0.00;-0.00;0.00;0.01;-1.50;-0.01;-1.47;0.00;
-1.48;0.02;-0.00;0.00;0.01;-1.50;0.00;-1.49;0.04;
-1.51;0.02;-0.00;0.00;0.01;-1.50;0.02;-1.52;0.04;
-1.53;0.00;-0.00;0.00;0.01;-1.50;0.02;-1.55;0.00;
-1.54;-0.01;-0.00;0.00;0.01;-1.50;0.01;-1.56;-0.01;
-1.53;-0.03;-0.00;0.00;0.01;-1.50;-0.00;-1.53;-0.02;
-1.50;-0.02;-0.00;0.00;0.01;-1.50;-0.01;-1.50;-0.02;
-1.48;-0.01;-0.00;0.00;0.00;-1.50;-0.02;-1.49;-0.01;
-1.49;0.01;-0.00;0.00;0.00;-1.50;0.00;-1.50;0.02;
-1.51;0.01;-0.00;0.00;0.00;-1.50;0.01;-1.53;0.04;
-1.53;-0.00;-0.00;0.00;0.00;-1.50;0.02;-1.55;0.01;
-1.54;-0.01;-0.00;0.00;0.00;-1.50;0.01;-1.55;-0.02;
-1.53;-0.02;-0.00;0.00;0.00;-1.50;-0.00;-1.52;-0.03;
-1.50;-0.02;-0.00;0.00;0.00;-1.50;-0.02;-1.49;-0.02;
-1.47;-0.00;-0.00;0.00;-0.00;-1.50;-0.02;-1.46;-0.00;
-1.47;0.01;-0.00;0.00;-0.00;-1.50;-0.01;-1.47;0.01;
-1.49;0.02;-0.00;0.00;-0.00;-1.50;0.01;-1.49;0.02;
-1.51;0.01;-0.00;0.00;-0.00;-1.50;0.01;-1.51;0.02;
-1.51;-0.00;-0.00;0.00;-0.01;-1.50;0.00;-1.50;-0.02;
-1.50;-0.01;-0.00;0.00;-0.01;-1.50;-0.01;-1.48;-0.03;
-1.48;-0.00;-0.00;0.00;-0.01;-1.50;-0.01;-1.48;0.01;
-1.49;0.02;-0.00;0.00;-0.01;-1.50;0.01;-1.51;0.05;
-1.52;0.01;-0.00;0.00;-0.01;-1.50;0.02;-1.56;0.04;
-1.55;-0.00;-0.00;-0.00;-0.01;-1.50;0.03;-1.59;0.01;
-1.56;-0.03;-0.00;-0.00;-0.00;-1.50;0.02;-1.58;-0.02;
-1.53;-0.04;-0.00;-0.00;-0.00;-1.50;-0.00;-1.54;-0.04;
-1.50;-0.03;-0.00;-0.00;-0.00;-1.50;-0.02;-1.49;-0.06;
-1.47;-0.01;-0.00;-0.00;-0.00;-1.50;-0.02;-1.45;-0.02;
-1.46;0.01;-0.00;-0.00;-0.00;-1.50;-0.01;-1.45;0.02;
-1.47;0.02;-0.00;-0.00;-0.00;-1.50;0.01;-1.46;0.01;
-1.49;0.02;-0.00;-0.00;-0.00;-1.50;0.01;-1.47;0.00;
-1.49;0.01;-0.00;-0.00;-0.00;-1.50;0.01;-1.49;0.02;
-1.50;0.00;-0.00;-0.00;-0.00;-1.50;0.00;-1.51;0.03;
-1.51;0.00;-0.00;-0.00;0.00;-1.50;0.01;-1.54;0.02;
-1.53;-0.00;-0.00;-0.00;0.00;-1.50;0.02;-1.55;-0.01;
-1.53;-0.02;-0.00;-0.00;0.00;-1.50;0.01;-1.54;-0.01;
-1.51;-0.02;-0.00;-0.00;0.01;-1.50;-0.01;-1.52;-0.01;
-1.50;-0.01;-0.00;-0.00;0.01;-1.50;-0.01;-1.49;-0.02;
-1.49;0.00;-0.00;-0.00;0.01;-1.50;-0.00;-1.48;-0.02;
-1.48;0.01;-0.00;-0.00;0.01;-1.50;-0.00;-1.47;0.00;
-1.48;0.01;-0.00;0.00;0.01;-1.50;-0.00;-1.45;-0.00;
-1.47;0.01;-0.00;0.00;0.00;-1.50;-0.01;-1.45;-0.01;
-1.47;0.02;-0.00;0.00;0.00;-1.50;-0.01;-1.44;-0.01;
-1.47;0.02;-0.00;0.00;-0.00;-1.50;-0.00;-1.44;0.01;
-1.47;0.02;-0.00;0.00;-0.00;-1.50;-0.00;-1.44;0.01;
-1.47;0.02;-0.00;0.00;-0.01;-1.50;-0.01;-1.45;-0.00;
-1.47;0.02;-0.00;0.00;-0.01;-1.50;-0.00;-1.46;0.01;
-1.48;0.02;-0.00;0.00;-0.01;-1.50;0.00;-1.47;0.02;
-1.49;0.01;-0.00;0.00;-0.01;-1.50;0.00;-1.48;0.02;
-1.50;0.01;-0.00;0.00;-0.01;-1.50;0.00;-1.50;0.01;
-1.51;0.01;-0.00;-0.00;-0.01;-1.50;0.01;-1.52;0.02;
-1.52;-0.00;-0.00;-0.00;-0.01;-1.50;0.01;-1.53;0.01;
-1.52;-0.01;-0.00;-0.00;-0.01;-1.50;0.01;-1.52;-0.03;
-1.51;-0.02;-0.00;-0.00;-0.01;-1.50;-0.00;-1.49;-0.03;
-1.48;-0.01;-0.00;-0.00;-0.01;-1.50;-0.01;-1.47;-0.01;
-1.47;0.01;-0.00;-0.00;-0.01;-1.50;-0.00;-1.47;0.01;
-1.49;0.02;-0.00;-0.00;-0.01;-1.50;0.01;-1.48;-0.00;
-1.50;0.01;-0.00;-0.00;-0.00;-1.50;0.01;-1.49;0.01;
-1.50;0.00;-0.00;-0.00;-0.00;-1.50;0.01;-1.50;0.01;
-1.50;-0.00;-0.00;-0.00;-0.00;-1.50;0.00;-1.49;-0.00;
-1.49;-0.00;-0.00;-0.00;-0.00;-1.50;-0.00;-1.49;-0.01;
-1.49;0.00;-0.00;-0.00;0.00;-1.50;0.00;-1.49;0.00;
-1.49;0.01;-0.00;-0.00;0.00;-1.50;0.01;-1.49;0.02;
-1.50;0.00;-0.00;-0.00;0.00;-1.50;0.01;-1.49;0.01;
-1.50;-0.00;-0.00;-0.00;0.01;-1.50;0.00;-1.50;-0.00;
-1.50;0.00;-0.00;-0.00;0.01;-1.50;0.01;-1.52;0.01;
-1.52;0.00;-0.00;-0.00;0.01;-1.50;0.01;-1.53;0.03;
-1.53;-0.01;-0.00;-0.00;0.01;-1.50;0.01;-1.54;-0.01;
-1.52;-0.02;-0.00;-0.00;0.01;-1.50;0.00;-1.52;-0.03;
-1.50;-0.02;-0.00;-0.00;0.01;-1.50;-0.01;-1.49;-0.02;
-1.48;-0.01;-0.00;0.00;0.01;-1.50;-0.02;-1.46;-0.02;
-1.46;0.01;-0.00;0.00;0.01;-1.50;-0.01;-1.45;-0.01;
-1.47;0.02;-0.00;0.00;0.01;-1.50;-0.00;-1.47;0.02;
-1.50;0.02;-0.00;0.00;0.01;-1.50;0.01;-1.50;0.04;
-1.52;0.01;-0.00;0.00;0.01;0.50;1.10;-1.53;0.02;
-0.76;-1.29;-0.00;0.00;0.01;0.50;-0.16;-0.80;-1.26;
0.63;-1.09;-0.00;0.00;0.01;0.50;-0.78;0.64;-1.11;
1.39;-0.17;-0.00;0.00;0.00;0.50;-0.59;1.20;-0.19;
1.00;0.57;-0.00;0.00;0.01;0.50;0.10;1.09;0.50;
0.47;0.43;-0.00;0.00;0.01;0.50;0.30;0.55;0.38;
0.24;0.06;-0.00;0.00;0.00;0.50;0.18;0.29;0.04;
0.34;-0.16;-0.00;0.00;-0.00;0.50;-0.02;0.35;-0.15;
0.53;-0.15;-0.00;0.00;-0.01;0.50;-0.11;0.53;-0.12;
0.62;-0.01;-0.00;0.00;-0.01;0.50;-0.08;0.61;0.00;
0.57;0.08;-0.00;0.00;-0.01;0.50;0.01;0.55;0.09;
0.47;0.07;-0.00;0.00;-0.01;0.50;0.06;0.43;0.10;
0.39;0.00;-0.00;0.00;-0.01;0.50;0.06;0.34;0.05;
0.38;-0.06;-0.00;0.00;-0.01;0.50;0.03;0.33;-0.03;
0.43;-0.08;-0.00;-0.00;-0.00;0.50;-0.01;0.38;-0.06;
0.47;-0.06;-0.00;-0.00;-0.00;0.50;-0.02;0.44;-0.05;
0.50;-0.02;-0.00;-0.00;0.00;0.50;-0.01;0.49;-0.01;
0.51;-0.00;-0.00;-0.00;0.00;0.50;-0.00;0.50;0.01;
0.50;0.00;-0.00;-0.00;0.00;0.50;0.00;0.49;0.00;
0.49;0.00;-0.00;-0.00;0.00;0.50;0.01;0.49;-0.00;
0.49;-0.01;-0.00;-0.00;0.00;0.50;0.01;0.49;-0.01;
0.50;-0.01;-0.00;-0.00;0.00;0.50;-0.00;0.50;0.00;
0.51;-0.00;-0.00;-0.00;0.00;0.50;-0.00;0.51;-0.00;
0.51;0.00;-0.00;-0.00;0.00;0.50;0.00;0.52;-0.01;
0.51;0.00;-0.00;0.00;0.00;0.50;-0.00;0.53;-0.01;
0.52;0.01;-0.00;0.00;0.00;0.50;-0.00;0.53;0.00;
0.51;0.01;-0.00;0.00;0.00;0.50;0.00;0.53;0.02;
0.51;0.01;-0.00;0.00;0.00;0.50;0.00;0.52;0.01;
0.51;0.01;-0.00;0.00;0.00;0.50;0.00;0.52;0.00;
0.51;0.01;-0.00;0.00;-0.00;0.50;0.00;0.50;0.00;
0.49;0.01;-0.00;0.00;-0.00;0.50;0.01;0.49;0.02;
0.48;-0.00;-0.00;0.00;-0.00;0.50;0.01;0.47;0.03;
0.48;-0.01;-0.00;0.00;-0.00;0.50;0.01;0.45;0.02;
0.47;-0.01;-0.00;0.00;0.00;0.50;0.01;0.43;0.01;
0.45;-0.01;-0.00;0.00;0.00;0.50;0.02;0.42;-0.00;
0.45;-0.03;-0.00;-0.00;0.00;0.50;0.01;0.43;-0.01;
0.47;-0.03;-0.00;-0.00;0.01;0.50;-0.00;0.46;-0.04;
0.50;-0.03;-0.00;0.00;0.01;0.50;-0.01;0.51;-0.05;
0.53;-0.01;-0.00;0.00;0.00;0.50;-0.02;0.54;-0.02;
0.54;0.01;-0.00;0.00;0.00;0.50;-0.01;0.54;0.02;
0.52;0.03;-0.00;0.00;0.00;0.50;0.01;0.51;0.05;
0.48;0.02;-0.00;0.00;0.00;0.50;0.02;0.47;0.04;
0.46;-0.00;-0.00;0.00;0.00;0.50;0.02;0.43;0.01;
0.45;-0.02;-0.00;0.00;0.00;0.50;0.02;0.42;-0.00;
0.46;-0.03;-0.00;0.00;0.01;0.50;0.00;0.43;-0.01;
0.47;-0.03;-0.00;0.00;0.01;0.50;-0.00;0.45;-0.01;
0.49;-0.02;-0.00;0.00;0.01;0.50;-0.01;0.47;-0.02;
0.49;-0.01;-0.00;0.00;0.01;0.50;-0.00;0.49;-0.03;
0.50;-0.01;-0.00;0.00;0.01;0.50;-0.00;0.51;-0.01;
0.51;-0.00;-0.00;0.00;0.01;0.50;-0.00;0.52;0.00;
0.51;0.00;-0.00;0.00;0.00;0.50;-0.00;0.53;0.00;
0.52;0.01;-0.00;0.00;0.00;0.50;-0.00;0.53;-0.00;
0.52;0.01;-0.00;0.00;-0.00;0.50;-0.00;0.53;-0.01;
0.52;0.01;-0.00;0.00;-0.00;0.50;-0.00;0.53;-0.00;
0.51;0.01;-0.00;0.00;-0.00;0.50;-0.00;0.53;0.01;
0.51;0.01;-0.00;0.00;-0.01;0.50;-0.00;0.52;0.01;
0.51;0.01;-0.00;0.00;-0.01;0.50;0.00;0.51;0.00;
0.50;0.01;-0.00;0.00;-0.01;0.50;0.00;0.50;0.00;
0.49;0.00;-0.00;0.00;-0.01;0.50;0.01;0.48;0.02;
0.48;-0.00;-0.00;0.00;-0.01;0.50;0.01;0.46;0.03;
0.47;-0.01;-0.00;-0.00;-0.01;0.50;0.01;0.44;0.02;
0.46;-0.01;-0.00;-0.00;-0.01;0.50;0.02;0.43;-0.01;
0.46;-0.02;-0.00;-0.00;-0.00;0.50;0.01;0.44;-0.02;
0.48;-0.03;-0.00;-0.00;-0.00;0.50;-0.00;0.48;-0.03;
0.51;-0.02;-0.00;-0.00;-0.00;0.50;-0.01;0.53;-0.04;
0.54;-0.00;-0.00;-0.00;-0.00;0.50;-0.02;0.56;-0.03;
0.55;0.02;-0.00;-0.00;-0.00;0.50;-0.01;0.56;0.01;
0.52;0.03;-0.00;-0.00;-0.00;0.50;0.01;0.55;0.03;
0.51;0.02;-0.00;-0.00;-0.00;0.50;0.01;0.54;-0.00;
0.52;0.01;-0.00;-0.00;-0.00;0.50;-0.00;0.54;-0.01;
0.53;0.01;-0.00;-0.00;-0.00;0.50;-0.01;0.55;-0.01;
0.53;0.02;-0.00;-0.00;-0.00;0.50;-0.00;0.55;0.01;
0.52;0.02;-0.00;-0.00;-0.00;0.50;0.00;0.54;0.01;
0.52;0.02;-0.00;-0.00;-0.00;0.50;0.00;0.54;0.00;
0.52;0.01;-0.00;-0.00;-0.00;0.50;0.00;0.53;-0.00;
0.51;0.01;-0.00;-0.00;-0.00;0.50;0.00;0.52;0.02;
0.50;0.01;-0.00;-0.00;-0.00;0.50;0.01;0.50;0.03;
0.49;0.00;-0.00;-0.00;-0.00;0.50;0.01;0.50;0.00;
0.50;-0.00;-0.00;-0.00;-0.00;0.50;0.00;0.52;-0.04;
0.52;-0.01;-0.00;-0.00;-0.00;0.50;-0.01;0.54;-0.03;
0.54;0.00;-0.00;-0.00;-0.00;0.50;-0.02;0.56;0.01;
0.54;0.02;-0.00;-0.00;-0.00;0.50;-0.00;0.54;0.03;
0.51;0.03;-0.00;-0.00;-0.00;0.50;0.02;0.51;0.02;
0.49;0.01;-0.00;-0.00;-0.00;0.50;0.02;0.49;0.00;
0.48;-0.01;-0.00;-0.00;-0.00;0.50;0.01;0.49;-0.00;
0.50;-0.02;-0.00;-0.00;0.00;0.50;-0.01;0.52;-0.02;
0.52;-0.01;-0.00;-0.00;0.00;0.50;-0.01;0.55;-0.03;
0.54;0.01;-0.00;-0.00;-0.00;0.50;-0.01;0.57;-0.01;
0.54;0.02;-0.00;-0.00;-0.00;0.50;-0.01;0.56;0.02;
0.52;0.03;-0.00;-0.00;-0.00;0.50;0.01;0.53;0.04;
0.50;0.02;-0.00;-0.00;-0.00;0.50;0.02;0.50;0.03;
0.49;0.00;-0.00;-0.00;-0.00;0.50;0.01;0.48;-0.00;
0.48;-0.01;-0.00;-0.00;-0.00;0.50;0.01;0.49;-0.02;
0.50;-0.01;-0.00;-0.00;0.00;0.50;-0.00;0.50;0.00;
0.51;-0.01;-0.00;-0.00;0.00;0.50;-0.01;0.52;-0.00;
0.51;0.00;-0.00;-0.00;0.00;0.50;-0.00;0.52;-0.01;
0.51;0.01;-0.00;-0.00;0.00;0.50;0.00;0.53;-0.02;
0.52;0.01;-0.00;-0.00;0.00;0.50;-0.00;0.53;0.00;
0.52;0.01;-0.00;-0.00;-0.00;0.50;-0.00;0.53;0.02;
0.51;0.01;-0.00;-0.00;-0.00;0.50;0.00;0.53;0.01;
0.51;0.01;-0.00;-0.00;-0.00;0.50;-0.00;0.53;-0.00;
0.51;0.01;-0.00;-0.00;-0.00;0.50;0.00;0.52;0.01;
0.50;0.01;-0.00;-0.00;-0.00;0.50;0.01;0.50;0.02;
0.49;0.01;-0.00;-0.00;-0.00;0.50;0.01;0.49;0.02;
0.49;-0.00;-0.00;-0.00;-0.00;0.50;0.01;0.47;0.01;
0.48;-0.01;-0.00;-0.00;0.00;0.50;0.01;0.45;0.01;
0.46;-0.01;-0.00;-0.00;0.00;0.50;0.02;0.42;0.03;
0.45;-0.02;-0.00;-0.00;0.00;0.50;0.02;0.41;0.01;
0.45;-0.03;-0.00;-0.00;0.01;0.50;0.01;0.42;-0.02;
0.46;-0.03;-0.00;-0.00;0.01;0.50;0.00;0.46;-0.05;
0.50;-0.03;-0.00;-0.00;0.01;0.50;-0.01;0.50;-0.03;
0.52;-0.01;-0.00;-0.00;0.01;0.50;-0.02;0.54;-0.00;
0.53;0.01;-0.00;0.00;0.01;0.50;-0.01;0.53;0.01;
0.51;0.02;-0.00;0.00;0.01;0.50;0.01;0.52;0.00;
0.49;0.01;-0.00;0.00;0.01;0.50;0.01;0.51;-0.01;
0.50;-0.00;-0.00;0.00;0.01;0.50;-0.00;0.53;-0.02;
0.53;-0.01;-0.00;0.00;0.00;0.50;-0.02;0.55;-0.01;
0.55;0.01;-0.00;0.00;0.00;0.50;-0.02;0.56;-0.00;
0.54;0.03;-0.00;0.00;-0.00;0.50;-0.00;0.55;0.02;
0.51;0.03;-0.00;0.00;-0.00;0.50;0.01;0.51;0.03;
0.49;0.02;-0.00;0.00;-0.01;0.50;0.02;0.49;0.02;
0.48;-0.01;-0.00;0.00;-0.01;0.50;0.01;0.49;-0.00;
0.50;-0.01;-0.00;0.00;-0.01;0.50;-0.01;0.49;-0.01;
0.50;-0.00;-0.00;0.00;-0.01;0.50;-0.00;0.50;-0.01;
0.50;0.00;-0.00;0.00;-0.01;0.50;0.00;0.51;0.00;
0.50;0.00;-0.00;0.00;-0.01;0.50;0.00;0.51;0.01;
0.50;0.00;-0.00;-0.00;-0.01;0.50;0.00;0.50;0.00;
0.50;0.00;-0.00;-0.00;-0.01;0.50;0.00;0.50;-0.01;
0.49;0.00;-0.00;-0.00;-0.01;0.50;0.01;0.49;0.01;
0.49;-0.00;-0.00;-0.00;-0.01;0.50;0.01;0.48;0.02;
0.48;-0.00;-0.00;-0.00;-0.01;0.50;0.01;0.46;0.02;
0.47;-0.01;-0.00;-0.00;-0.00;0.50;0.02;0.46;-0.02;
0.48;-0.02;-0.00;-0.00;-0.00;0.50;0.00;0.48;-0.03;
0.50;-0.02;-0.00;-0.00;-0.00;0.50;-0.01;0.51;-0.01;
0.52;-0.00;-0.00;-0.00;0.00;0.50;-0.01;0.54;-0.02;
0.53;0.01;-0.00;-0.00;0.00;0.50;-0.01;0.55;-0.00;
0.53;0.02;-0.00;-0.00;0.00;0.50;0.00;0.54;-0.01;
0.52;0.02;-0.00;-0.00;0.00;0.50;0.01;0.54;0.01;
0.52;0.01;-0.00;-0.00;0.00;0.50;0.00;0.53;0.02;
0.51;0.01;-0.00;-0.00;0.00;0.50;0.00;0.52;0.01;
0.50;0.01;-0.00;-0.00;0.00;0.50;0.01;0.50;0.01;
0.49;0.00;-0.00;-0.00;0.00;0.50;0.01;0.48;0.01;
0.48;-0.00;-0.00;-0.00;0.01;0.50;0.01;0.47;0.01;
0.48;-0.01;-0.00;-0.00;0.01;0.50;0.01;0.49;-0.02;
0.50;-0.02;-0.00;-0.00;0.01;0.50;-0.01;0.51;-0.03;
0.52;-0.01;-0.00;-0.00;0.01;0.50;-0.01;0.54;-0.03;
0.53;0.01;-0.00;0.00;0.01;0.50;-0.01;0.54;0.01;
0.52;0.02;-0.00;0.00;0.01;0.50;0.00;0.53;0.02;
0.51;0.02;-0.00;0.00;0.00;0.50;0.01;0.52;0.01;
0.50;0.01;-0.00;0.00;0.00;0.50;0.00;0.50;0.00;
0.50;0.00;-0.00;0.00;0.00;0.50;0.00;0.48;0.01;
0.48;0.00;-0.00;0.00;0.00;0.50;0.01;0.46;0.03;
0.47;-0.01;-0.00;0.00;0.00;0.50;0.01;0.43;0.04;
0.45;-0.01;-0.00;0.00;0.00;0.50;0.02;0.42;0.00;
0.45;-0.03;-0.00;0.00;0.01;0.50;0.01;0.43;-0.03;
0.47;-0.03;-0.00;0.00;0.01;0.50;-0.00;0.46;-0.04;
0.50;-0.03;-0.00;0.00;0.01;0.50;-0.02;0.51;-0.03;
0.52;-0.01;-0.00;0.00;0.00;0.50;-0.02;0.54;-0.00;
0.53;0.01;-0.00;0.00;0.00;0.50;-0.01;0.54;0.01;
0.51;0.02;-0.00;0.00;0.00;0.50;0.01;0.52;0.01;
0.49;0.01;-0.00;0.00;0.00;0.50;0.01;0.49;0.02;
0.48;0.00;-0.00;0.00;-0.00;0.50;0.01;0.48;0.01;
0.49;-0.01;-0.00;0.00;-0.00;0.50;0.00;0.48;0.01;
0.49;-0.01;-0.00;0.00;-0.00;0.50;-0.00;0.48;-0.01;
0.49;-0.00;-0.00;0.00;-0.00;0.50;0.01;0.47;0.00;
0.48;-0.01;-0.00;0.00;-0.00;0.50;0.01;0.46;0.02;
0.48;-0.01;-0.00;0.00;-0.00;0.50;0.01;0.45;0.02;
0.47;-0.01;-0.00;0.00;-0.00;0.50;0.01;0.44;0.01;
0.46;-0.01;-0.00;0.00;0.00;0.50;0.01;0.42;0.01;
0.45;-0.02;-0.00;-0.00;0.00;0.50;0.02;0.41;-0.00;
0.45;-0.03;-0.00;-0.00;0.01;0.50;0.01;0.42;-0.01;
0.47;-0.04;-0.00;-0.00;0.01;0.50;-0.00;0.47;-0.05;
0.51;-0.03;-0.00;0.00;0.01;0.50;-0.02;0.52;-0.06;
0.53;-0.00;-0.00;0.00;0.01;0.50;-0.02;0.55;-0.02;
0.54;0.02;-0.00;0.00;0.00;0.50;-0.01;0.56;0.02;
0.53;0.02;-0.00;0.00;0.00;0.50;0.00;0.54;0.02;
0.51;0.02;-0.00;0.00;0.00;0.50;0.01;0.53;0.01;
0.51;0.01;-0.00;0.00;-0.00;0.50;0.00;0.51;0.01;
0.50;0.01;-0.00;0.00;-0.00;0.50;0.00;0.49;0.02;
0.49;0.00;-0.00;0.00;-0.00;0.50;0.01;0.47;0.04;
0.47;-0.00;-0.00;0.00;-0.00;0.50;0.01;0.44;0.03;
0.45;-0.01;-0.00;0.00;-0.00;0.50;0.02;0.42;-0.01;
0.45;-0.03;-0.00;0.00;0.00;0.50;0.01;0.43;-0.02;
0.47;-0.03;-0.00;0.00;0.00;0.50;-0.00;0.46;-0.03;
0.50;-0.03;-0.00;0.00;0.00;0.50;-0.01;0.51;-0.03;
0.53;-0.01;-0.00;0.00;0.00;0.50;-0.02;0.53;-0.01;
0.53;0.01;-0.00;0.00;0.00;0.50;-0.00;0.53;0.00;
0.51;0.02;-0.00;0.00;0.00;0.50;0.01;0.51;0.02;
0.49;0.01;-0.00;0.00;-0.00;0.50;0.01;0.50;0.01;
0.49;-0.01;-0.00;0.00;-0.00;0.50;0.00;0.51;-0.02;
0.52;-0.01;-0.00;0.00;-0.00;0.50;-0.01;0.54;-0.03;
0.53;0.00;-0.00;0.00;-0.00;0.50;-0.01;0.54;-0.00;
0.53;0.02;-0.00;0.00;-0.00;0.50;-0.00;0.52;0.04;
0.50;0.02;-0.00;0.00;-0.00;0.50;0.02;0.48;0.05;
0.47;0.01;-0.00;0.00;-0.00;0.50;0.02;0.46;0.01;
0.47;-0.02;-0.00;-0.00;-0.00;0.50;0.01;0.45;-0.06;
0.48;-0.02;-0.00;-0.00;-0.00;0.50;-0.00;0.46;-0.00;
0.48;-0.01;-0.00;-0.00;-0.00;0.50;0.00;0.46;0.01;
0.48;-0.01;-0.00;-0.00;0.00;0.50;0.01;0.46;0.00;
0.48;-0.01;-0.00;-0.00;0.00;0.50;0.01;0.46;-0.01;
0.48;-0.01;-0.00;-0.00;0.00;-1.50;-1.07;0.46;0.00;
-0.29;1.27;-0.00;-0.00;0.01;-1.50;0.18;-0.27;1.18;
-1.66;1.06;-0.00;-0.00;0.01;-1.50;0.78;-1.64;1.05;
-2.36;0.13;-0.00;-0.00;0.00;-1.50;0.55;-2.37;0.13;
-2.14;-0.52;-0.00;-0.00;0.01;-1.50;0.01;-2.16;-0.50;
-1.53;-0.52;-0.00;-0.00;0.01;-1.50;-0.32;-1.53;-0.52;
-1.14;-0.14;-0.00;0.00;0.01;-1.50;-0.29;-1.13;-0.16;
-1.17;0.20;-0.00;0.00;0.01;-1.50;-0.05;-1.16;0.20;
-1.43;0.26;-0.00;0.00;0.00;-1.50;0.13;-1.43;0.26;
-1.64;0.10;-0.00;0.00;0.00;-1.50;0.15;-1.64;0.09;
-1.66;-0.07;-0.00;0.00;0.00;-1.50;0.04;-1.66;-0.07;
-1.55;-0.12;-0.00;0.00;0.00;-1.50;-0.05;-1.56;-0.10;
-1.45;-0.06;-0.00;0.00;0.00;-1.50;-0.06;-1.46;-0.06;
-1.43;0.02;-0.00;0.00;0.00;-1.50;-0.02;-1.43;0.00;
-1.47;0.05;-0.00;0.00;-0.00;-1.50;0.01;-1.46;0.03;
-1.50;0.03;-0.00;0.00;-0.00;-1.50;0.02;-1.49;0.03;
-1.51;-0.00;-0.00;0.00;-0.00;-1.50;0.00;-1.50;0.00;
-1.50;-0.01;-0.00;0.00;-0.00;-1.50;-0.00;-1.50;-0.01;
-1.50;-0.00;-0.00;0.00;-0.01;-1.50;-0.00;-1.50;0.00;
-1.50;0.00;-0.00;0.00;-0.01;-1.50;0.00;-1.50;0.02;
-1.50;0.00;-0.00;0.00;-0.01;-1.50;0.01;-1.51;0.01;
-1.51;-0.00;-0.00;0.00;-0.01;-1.50;0.01;-1.52;-0.00;
-1.52;-0.01;-0.00;-0.00;-0.01;-1.50;0.01;-1.54;0.01;
-1.52;-0.01;-0.00;-0.00;-0.00;-1.50;0.01;-1.56;0.03;
-1.54;-0.01;-0.00;-0.00;-0.00;-1.50;0.02;-1.56;-0.01;
-1.53;-0.02;-0.00;-0.00;-0.00;-1.50;0.01;-1.54;-0.03;
-1.51;-0.02;-0.00;-0.00;0.00;-1.50;-0.01;-1.51;-0.01;
-1.49;-0.01;-0.00;-0.00;0.00;-1.50;-0.01;-1.49;-0.02;
-1.49;0.00;-0.00;-0.00;0.00;-1.50;-0.00;-1.46;-0.03;
-1.47;0.01;-0.00;-0.00;0.00;-1.50;-0.01;-1.44;-0.02;
-1.46;0.01;-0.00;-0.00;0.00;-1.50;-0.01;-1.42;-0.00;
-1.45;0.02;-0.00;-0.00;-0.00;-1.50;-0.01;-1.41;-0.01;
-1.45;0.03;-0.00;0.00;-0.00;-1.50;-0.01;-1.41;0.00;
-1.45;0.03;-0.00;0.00;-0.01;-1.50;-0.00;-1.43;0.02;
-1.48;0.03;-0.00;0.00;-0.01;-1.50;0.01;-1.45;0.03;
-1.49;0.02;-0.00;0.00;-0.01;-1.50;0.01;-1.46;-0.00;
-1.48;0.01;-0.00;-0.00;-0.01;-1.50;-0.00;-1.47;-0.01;
-1.48;0.01;-0.00;-0.00;-0.01;-1.50;-0.00;-1.47;0.01;
-1.49;0.01;-0.00;-0.00;-0.01;-1.50;0.01;-1.48;0.02;
-1.49;0.01;-0.00;-0.00;-0.01;-1.50;0.01;-1.49;0.00;
-1.50;0.01;-0.00;-0.00;-0.01;-1.50;0.01;-1.50;0.01;
-1.51;0.00;-0.00;-0.00;-0.01;-1.50;0.01;-1.52;0.02;
-1.52;-0.00;-0.00;-0.00;-0.01;-1.50;0.01;-1.53;-0.00;
-1.52;-0.01;-0.00;-0.00;-0.00;-1.50;0.01;-1.51;-0.04;
-1.50;-0.02;-0.00;-0.00;-0.00;-1.50;-0.01;-1.48;-0.02;
-1.47;-0.00;-0.00;-0.00;-0.00;-1.50;-0.01;-1.45;-0.01;
-1.46;0.01;-0.00;-0.00;-0.00;-1.50;-0.00;-1.44;0.00;
-1.47;0.02;-0.00;-0.00;-0.00;-1.50;0.00;-1.45;-0.00;
-1.48;0.02;-0.00;-0.00;-0.00;-1.50;0.01;-1.46;0.02;
-1.49;0.01;-0.00;-0.00;0.00;-1.50;0.01;-1.47;0.02;
-1.49;0.01;-0.00;-0.00;0.00;-1.50;0.00;-1.48;0.01;
-1.50;0.01;-0.00;-0.00;0.00;-1.50;0.01;-1.50;0.01;
-1.51;0.01;-0.00;-0.00;0.00;-1.50;0.01;-1.53;0.03;
-1.53;-0.00;-0.00;-0.00;0.00;-1.50;0.02;-1.54;0.01;
-1.52;-0.02;-0.00;-0.00;0.01;-1.50;0.01;-1.53;-0.03;
-1.51;-0.02;-0.00;-0.00;0.01;-1.50;-0.00;-1.50;-0.02;
-1.49;-0.01;-0.00;-0.00;0.01;-1.50;-0.01;-1.48;-0.00;
-1.48;0.00;-0.00;-0.00;0.01;-1.50;-0.01;-1.47;0.01;
-1.49;0.01;-0.00;-0.00;0.01;-1.50;0.00;-1.49;0.00;
-1.50;0.01;-0.00;0.00;0.01;-1.50;0.01;-1.51;0.02;
-1.52;0.00;-0.00;0.00;0.01;-1.50;0.01;-1.51;0.01;
-1.50;-0.01;-0.00;0.00;0.01;-1.50;-0.00;-1.49;-0.02;
-1.48;-0.01;-0.00;0.00;0.01;-1.50;-0.02;-1.46;-0.04;
-1.47;0.01;-0.00;0.00;0.00;-1.50;-0.01;-1.44;-0.00;
-1.46;0.02;-0.00;0.00;0.00;-1.50;-0.01;-1.46;0.04;
-1.49;0.03;-0.00;0.00;-0.00;-1.50;0.01;-1.50;0.03;
-1.52;0.02;-0.00;0.00;-0.00;-1.50;0.02;-1.53;0.02;
-1.54;-0.01;-0.00;0.00;-0.00;-1.50;0.01;-1.56;0.01;
-1.54;-0.02;-0.00;0.00;-0.00;-1.50;0.01;-1.56;0.00;
-1.53;-0.02;-0.00;0.00;-0.00;-1.50;0.00;-1.55;-0.00;
-1.52;-0.02;-0.00;0.00;-0.00;-1.50;-0.00;-1.55;-0.02;
-1.52;-0.01;-0.00;0.00;-0.00;-1.50;0.00;-1.54;0.00;
-1.52;-0.01;-0.00;0.00;0.00;-1.50;0.01;-1.55;0.01;
-1.53;-0.01;-0.00;0.00;0.00;-1.50;0.01;-1.55;0.00;
-1.53;-0.02;-0.00;0.00;0.00;-1.50;0.01;-1.55;-0.00;
-1.53;-0.01;-0.00;0.00;0.00;-1.50;0.01;-1.56;0.01;
-1.54;-0.01;-0.00;0.00;0.01;-1.50;0.01;-1.57;0.02;
-1.54;-0.02;-0.00;0.00;0.01;-1.50;0.01;-1.58;-0.01;
-1.54;-0.03;-0.00;0.00;0.01;-1.50;0.01;-1.56;-0.04;
-1.52;-0.03;-0.00;0.00;0.01;-1.50;-0.01;-1.52;-0.02;
-1.49;-0.02;-0.00;0.00;0.01;-1.50;-0.02;-1.49;-0.02;
-1.48;0.00;-0.00;0.00;0.01;-1.50;-0.01;-1.48;-0.01;
-1.49;0.01;-0.00;0.00;0.01;-1.50;0.00;-1.47;0.00;
-1.49;0.01;-0.00;0.00;0.01;-1.50;-0.00;-1.48;0.02;
-1.49;0.01;-0.00;0.00;0.00;-1.50;0.00;-1.49;0.01;
-1.50;0.01;-0.00;0.00;0.00;-1.50;0.00;-1.51;0.00;
-1.51;0.00;-0.00;0.00;0.00;-1.50;0.01;-1.52;0.01;
-1.51;-0.01;-0.00;0.00;-0.00;-1.50;0.00;-1.54;0.03;
-1.53;-0.01;-0.00;0.00;-0.00;-1.50;0.01;-1.56;0.02;
-1.54;-0.01;-0.00;0.00;0.00;-1.50;0.02;-1.57;-0.01;
-1.54;-0.03;-0.00;0.00;0.00;-1.50;0.01;-1.55;-0.02;
-1.52;-0.03;-0.00;0.00;0.00;-1.50;-0.01;-1.53;-0.01;
-1.50;-0.01;-0.00;0.00;0.00;-1.50;-0.01;-1.51;-0.02;
-1.50;-0.00;-0.00;0.00;-0.00;-1.50;-0.00;-1.49;-0.03;
-1.49;0.00;-0.00;0.00;-0.00;-1.50;-0.01;-1.47;-0.01;
-1.48;0.01;-0.00;0.00;-0.00;-1.50;-0.01;-1.46;0.00;
-1.47;0.01;-0.00;0.00;-0.01;-1.50;-0.01;-1.45;-0.01;
-1.47;0.01;-0.00;0.00;-0.01;-1.50;-0.01;-1.44;-0.02;
-1.47;0.02;-0.00;0.00;-0.01;-1.50;-0.00;-1.44;0.00;
-1.47;0.02;-0.00;0.00;-0.01;-1.50;-0.00;-1.44;0.01;
-1.47;0.02;-0.00;0.00;-0.01;-1.50;-0.00;-1.44;0.00;
-1.47;0.02;-0.00;0.00;-0.02;-1.50;0.00;-1.45;-0.01;
-1.48;0.02;-0.00;-0.00;-0.02;-1.50;0.00;-1.45;0.01;
-1.48;0.01;-0.00;-0.00;-0.02;-1.50;0.00;-1.47;0.02;
-1.49;0.02;-0.00;-0.00;-0.02;-1.50;0.01;-1.48;0.01;
-1.50;0.01;-0.00;-0.00;-0.02;-1.50;0.01;-1.50;0.01;
-1.51;0.00;-0.00;-0.00;-0.01;-1.50;0.01;-1.51;0.01;
-1.51;-0.00;-0.00;-0.00;-0.01;-1.50;0.01;-1.49;-0.02;
-1.49;-0.01;-0.00;-0.00;-0.01;-1.50;-0.01;-1.46;-0.04;
-1.46;0.00;-0.00;-0.00;-0.01;-1.50;-0.01;-1.43;-0.02;
-1.45;0.02;-0.00;-0.00;-0.01;-1.50;-0.01;-1.43;0.02;
-1.46;0.03;-0.00;-0.00;-0.01;-1.50;0.01;-1.43;0.00;
-1.47;0.02;-0.00;-0.00;-0.01;-1.50;0.01;-1.44;0.00;
-1.47;0.02;-0.00;-0.00;-0.00;-1.50;0.00;-1.46;0.02;
-1.49;0.02;-0.00;-0.00;-0.00;-1.50;0.01;-1.48;0.02;
-1.50;0.01;-0.00;-0.00;0.00;-1.50;0.01;-1.48;-0.01;
-1.49;0.00;-0.00;-0.00;0.00;-1.50;0.00;-1.47;-0.03;
-1.47;-0.00;-0.00;-0.00;0.00;-1.50;-0.01;-1.44;-0.02;
-1.46;0.01;-0.00;-0.00;0.00;-1.50;-0.01;-1.41;-0.01;
-1.44;0.02;-0.00;-0.00;0.00;-1.50;-0.01;-1.41;-0.00;
-1.45;0.04;-0.00;-0.00;0.00;-1.50;-0.00;-1.43;0.03;
-1.48;0.04;-0.00;-0.00;0.00;-1.50;0.02;-1.46;0.04;
-1.50;0.02;-0.00;-0.00;0.00;-1.50;0.02;-1.49;0.02;
-1.50;0.00;-0.00;-0.00;0.00;-1.50;0.00;-1.50;-0.02;
-1.50;-0.00;-0.00;-0.00;0.01;-1.50;-0.00;-1.49;-0.01;
-1.49;-0.00;-0.00;-0.00;0.01;-1.50;-0.00;-1.48;0.01;
-1.49;0.01;-0.00;-0.00;0.01;-1.50;-0.00;-1.48;0.00;
-1.49;0.01;-0.00;-0.00;0.01;-1.50;0.00;-1.48;-0.01;
-1.49;0.00;-0.00;0.00;0.00;-1.50;0.00;-1.49;0.00;
-1.49;0.00;-0.00;0.00;0.00;-1.50;0.00;-1.49;0.02;
-1.50;0.00;-0.00;0.00;0.00;-1.50;0.00;-1.51;0.02;
-1.51;0.00;-0.00;0.00;0.00;-1.50;0.01;-1.52;0.00;
-1.52;-0.00;-0.00;0.00;0.00;-1.50;0.01;-1.54;0.01;
-1.53;-0.01;-0.00;0.00;0.00;-1.50;0.01;-1.56;0.03;
-1.54;-0.01;-0.00;0.00;0.01;-1.50;0.01;-1.56;0.00;
-1.54;-0.02;-0.00;0.00;0.01;-1.50;0.01;-1.55;-0.03;
-1.52;-0.02;-0.00;0.00;0.01;-1.50;-0.01;-1.52;-0.02;
-1.50;-0.02;-0.00;0.00;0.01;-1.50;-0.01;-1.50;-0.01;
-1.49;-0.00;-0.00;0.00;0.01;-1.50;-0.01;-1.49;0.01;
-1.50;0.01;-0.00;0.00;0.00;-1.50;0.00;-1.50;0.00;
-1.51;0.01;-0.00;0.00;0.00;-1.50;0.01;-1.52;0.01;
-1.52;-0.00;-0.00;0.00;0.00;-1.50;0.01;-1.53;0.03;
-1.52;-0.01;-0.00;0.00;0.00;-1.50;0.01;-1.56;0.02;
-1.54;-0.01;-0.00;0.00;0.00;-1.50;0.02;-1.58;0.01;
-1.55;-0.02;-0.00;0.00;0.00;-1.50;0.02;-1.59;-0.00;
-1.55;-0.03;-0.00;0.00;0.01;-1.50;0.01;-1.57;-0.01;
-1.53;-0.03;-0.00;0.00;0.01;-1.50;-0.01;-1.55;-0.02;
-1.51;-0.02;-0.00;0.00;0.01;-1.50;-0.01;-1.53;-0.03;
-1.51;-0.01;-0.00;0.00;0.01;-1.50;-0.00;-1.51;-0.01;
-1.50;-0.00;-0.00;0.00;0.00;-1.50;-0.00;-1.50;0.00;
-1.50;-0.00;-0.00;0.00;0.00;-1.50;-0.00;-1.49;-0.01;
-1.49;-0.00;-0.00;0.00;0.00;-1.50;-0.01;-1.48;-0.02;
-1.48;0.00;-0.00;0.00;-0.00;-1.50;-0.01;-1.47;-0.00;
-1.48;0.01;-0.00;0.00;-0.00;-1.50;-0.00;-1.47;0.01;
-1.49;0.01;-0.00;0.00;-0.00;-1.50;-0.00;-1.47;0.00;
-1.49;0.01;-0.00;0.00;-0.01;-1.50;-0.00;-1.48;-0.01;
-1.49;0.01;-0.00;0.00;-0.01;-1.50;-0.00;-1.48;0.01;
-1.49;0.01;-0.00;0.00;-0.01;-1.50;0.00;-1.49;0.02;
-1.50;0.01;-0.00;0.00;-0.01;-1.50;0.00;-1.50;0.01;
-1.51;0.00;-0.00;0.00;-0.01;-1.50;0.01;-1.52;0.00;
-1.52;-0.00;-0.00;-0.00;-0.01;-1.50;0.01;-1.54;0.02;
-1.53;-0.01;-0.00;-0.00;-0.01;-1.50;0.01;-1.55;0.01;
-1.53;-0.02;-0.00;-0.00;-0.01;-1.50;0.01;-1.54;-0.03;
-1.51;-0.02;-0.00;-0.00;-0.01;-1.50;-0.01;-1.51;-0.02;
-1.49;-0.01;-0.00;-0.00;-0.01;-1.50;-0.01;-1.48;-0.00;
-1.48;0.00;-0.00;-0.00;-0.00;-1.50;-0.00;-1.48;0.01;
-1.49;0.01;-0.00;-0.00;-0.00;-1.50;0.01;-1.48;-0.00;
-1.50;0.01;-0.00;-0.00;-0.00;-1.50;0.01;-1.50;0.01;
-1.50;0.00;-0.00;-0.00;-0.00;-1.50;0.01;-1.52;0.03;
-1.52;0.00;-0.00;-0.00;0.00;-1.50;0.01;-1.53;0.01;
-1.52;-0.01;-0.00;-0.00;0.00;-1.50;0.01;-1.54;-0.01;
-1.52;-0.01;-0.00;-0.00;0.01;-1.50;0.01;-1.53;-0.02;
-1.51;-0.02;-0.00;-0.00;0.01;-1.50;-0.00;-1.50;-0.02;
-1.48;-0.01;-0.00;-0.00;0.01;-1.50;-0.01;-1.47;-0.03;
-1.47;0.00;-0.00;-0.00;0.01;-1.50;-0.01;-1.46;0.00;
-1.48;0.02;-0.00;-0.00;0.01;-1.50;0.00;-1.49;0.04;
-1.51;0.02;-0.00;-0.00;0.01;-1.50;0.02;-1.52;0.04;
-1.53;0.00;-0.00;0.00;0.01;-1.50;0.02;-1.55;0.00;
-1.54;-0.02;-0.00;0.00;0.01;-1.50;0.01;-1.56;-0.01;
-1.53;-0.02;-0.00;0.00;0.01;-1.50;0.00;-1.54;-0.01;
-1.51;-0.02;-0.00;0.00;0.01;-1.50;-0.01;-1.50;-0.03;
-1.48;-0.01;-0.00;0.00;0.01;-1.50;-0.02;-1.49;-0.01;
-1.49;0.01;-0.00;0.00;0.01;-1.50;0.00;-1.51;0.03;
-1.52;0.01;-0.00;0.00;0.01;-1.50;0.02;-1.54;0.04;
-1.54;-0.00;-0.00;0.00;0.01;-1.50;0.02;-1.56;0.01;
-1.54;-0.02;-0.00;0.00;0.01;-1.50;0.01;-1.56;-0.02;
-1.53;-0.03;-0.00;0.00;0.01;-1.50;-0.00;-1.55;-0.00;
-1.51;-0.02;-0.00;0.00;0.01;-1.50;-0.01;-1.54;0.00;
-1.51;-0.01;-0.00;0.00;0.01;-1.50;0.00;-1.53;-0.01;
-1.52;-0.01;-0.00;0.00;0.01;-1.50;0.00;-1.53;-0.01;
-1.51;-0.01;-0.00;0.00;0.00;-1.50;-0.00;-1.53;0.01;
-1.51;-0.01;-0.00;0.00;0.00;-1.50;-0.00;-1.53;0.01;
-1.51;-0.01;-0.00;0.00;0.00;-1.50;0.00;-1.53;-0.00;
-1.52;-0.01;-0.00;0.00;-0.00;-1.50;0.01;-1.54;0.00;
-1.53;-0.01;-0.00;0.00;-0.00;-1.50;0.01;-1.55;0.02;
-1.53;-0.01;-0.00;0.00;-0.00;-1.50;0.01;-1.57;0.02;
-1.54;-0.02;-0.00;0.00;-0.00;-1.50;0.01;-1.59;0.00;
-1.55;-0.02;-0.00;0.00;-0.00;-1.50;0.02;-1.60;-0.01;
-1.56;-0.03;-0.00;0.00;0.00;-1.50;0.01;-1.58;-0.01;
-1.53;-0.04;-0.00;0.00;0.00;-1.50;-0.01;-1.53;-0.05;
-1.49;-0.03;-0.00;0.00;0.00;0.50;1.06;-1.48;-0.06;
-0.70;-1.29;-0.00;0.00;-0.00;0.50;-0.19;-0.73;-1.25;
0.67;-1.06;-0.00;0.00;-0.00;0.50;-0.78;0.66;-1.03;
1.37;-0.12;-0.00;0.00;-0.00;0.50;-0.55;1.20;-0.14;
0.97;0.56;-0.00;-0.00;0.01;0.50;0.12;1.04;0.51;
0.44;0.42;-0.00;0.00;0.01;0.50;0.31;0.48;0.40;
0.19;0.05;-0.00;0.00;0.00;0.50;0.20;0.21;0.05;
0.29;-0.19;-0.00;0.00;0.00;0.50;-0.01;0.31;-0.19;
0.53;-0.18;-0.00;0.00;-0.00;0.50;-0.13;0.53;-0.18;
0.65;-0.02;-0.00;0.00;-0.00;0.50;-0.09;0.64;-0.01;
0.60;0.09;-0.00;0.00;-0.00;0.50;0.01;0.58;0.11;
0.48;0.09;-0.00;0.00;-0.00;0.50;0.07;0.45;0.12;
0.40;0.01;-0.00;0.00;-0.00;0.50;0.07;0.36;0.02;
0.40;-0.06;-0.00;0.00;0.00;0.50;0.02;0.38;-0.05;
0.46;-0.07;-0.00;0.00;0.00;0.50;-0.02;0.44;-0.06;
0.51;-0.04;-0.00;0.00;0.00;0.50;-0.03;0.51;-0.03;
0.53;0.00;-0.00;0.00;0.00;0.50;-0.01;0.54;-0.01;
0.53;0.02;-0.00;0.00;0.00;0.50;-0.00;0.54;0.00;
0.52;0.02;-0.00;0.00;0.00;0.50;0.01;0.53;0.01;
0.50;0.01;-0.00;0.00;0.00;0.50;0.01;0.51;0.02;
0.49;0.01;-0.00;0.00;-0.00;0.50;0.01;0.49;0.03;
0.49;-0.00;-0.00;0.00;-0.00;0.50;0.01;0.46;0.02;
0.47;-0.00;-0.00;0.00;0.00;0.50;0.02;0.45;-0.01;
0.46;-0.02;-0.00;0.00;0.00;0.50;0.01;0.46;-0.02;
0.48;-0.02;-0.00;0.00;0.00;0.50;-0.00;0.50;-0.03;
0.52;-0.02;-0.00;0.00;0.00;0.50;-0.02;0.54;-0.03;
0.54;0.00;-0.00;0.00;-0.00;0.50;-0.02;0.57;-0.02;
0.55;0.02;-0.00;0.00;-0.00;0.50;-0.01;0.57;0.00;
0.53;0.03;-0.00;0.00;-0.00;0.50;0.01;0.54;0.04;
0.50;0.03;-0.00;0.00;-0.00;0.50;0.02;0.49;0.06;
0.47;0.01;-0.00;0.00;-0.00;0.50;0.02;0.46;0.02;
0.46;-0.01;-0.00;0.00;-0.00;0.50;0.02;0.44;-0.01;
0.47;-0.02;-0.00;-0.00;-0.00;0.50;0.01;0.45;-0.02;
0.48;-0.02;-0.00;-0.00;-0.00;0.50;-0.00;0.48;-0.00;
0.50;-0.01;-0.00;-0.00;-0.00;0.50;-0.01;0.50;-0.01;
0.51;-0.00;-0.00;-0.00;-0.00;0.50;-0.00;0.51;-0.02;
0.51;0.00;-0.00;-0.00;-0.00;0.50;0.00;0.53;-0.02;
0.52;0.00;-0.00;-0.00;-0.00;0.50;-0.00;0.54;0.00;
0.52;0.01;-0.00;-0.00;-0.00;0.50;-0.00;0.54;0.01;
0.53;0.01;-0.00;-0.00;-0.00;0.50;-0.00;0.54;-0.00;
0.52;0.02;-0.00;-0.00;-0.00;0.50;0.00;0.55;-0.01;
0.53;0.01;-0.00;-0.00;-0.00;0.50;-0.00;0.55;0.00;
0.53;0.01;-0.00;-0.00;-0.01;0.50;-0.00;0.54;0.02;
0.52;0.02;-0.00;-0.00;-0.01;0.50;0.00;0.54;0.01;
0.51;0.02;-0.00;-0.00;-0.01;0.50;0.01;0.53;-0.00;
0.51;0.01;-0.00;-0.00;-0.01;0.50;0.01;0.51;0.01;
0.50;0.01;-0.00;-0.00;-0.01;0.50;0.01;0.50;0.03;
0.49;0.00;-0.00;-0.00;-0.01;0.50;0.01;0.48;0.02;
0.48;-0.00;-0.00;-0.00;-0.00;0.50;0.01;0.47;-0.01;
0.48;-0.01;-0.00;-0.00;-0.00;0.50;0.01;0.48;-0.03;
0.50;-0.02;-0.00;-0.00;-0.00;0.50;-0.01;0.53;-0.03;
0.54;-0.01;-0.00;-0.00;-0.00;0.50;-0.02;0.57;-0.04;
0.56;0.01;-0.00;-0.00;-0.00;0.50;-0.02;0.61;-0.02;
0.57;0.03;-0.00;-0.00;-0.00;0.50;-0.01;0.61;0.00;
0.56;0.05;-0.00;-0.00;-0.01;0.50;0.00;0.59;0.04;
0.53;0.04;-0.00;-0.00;-0.01;0.50;0.01;0.54;0.05;
0.50;0.03;-0.00;-0.00;-0.01;0.50;0.02;0.52;0.01;
0.49;0.01;-0.00;-0.00;-0.01;0.50;0.01;0.51;-0.01;
0.50;-0.01;-0.00;-0.00;-0.01;0.50;-0.00;0.52;-0.02;
0.52;-0.00;-0.00;-0.00;-0.01;0.50;-0.01;0.55;-0.01;
0.54;0.01;-0.00;-0.00;-0.01;0.50;-0.01;0.57;-0.02;
0.55;0.02;-0.00;-0.00;-0.01;0.50;-0.01;0.58;-0.01;
0.55;0.03;-0.00;-0.00;-0.01;0.50;-0.00;0.57;0.01;
0.53;0.03;-0.00;-0.00;-0.01;0.50;0.01;0.56;0.03;
0.52;0.02;-0.00;-0.00;-0.01;0.50;0.01;0.54;0.02;
0.52;0.01;-0.00;-0.00;-0.01;0.50;0.00;0.53;0.01;
0.51;0.01;-0.00;-0.00;-0.01;0.50;0.01;0.51;0.02;
0.49;0.01;-0.00;-0.00;-0.01;0.50;0.02;0.48;0.04;
0.48;0.00;-0.00;-0.00;-0.00;0.50;0.02;0.47;0.00;
0.48;-0.01;-0.00;-0.00;-0.00;0.50;0.01;0.48;-0.03;
0.50;-0.02;-0.00;-0.00;0.00;0.50;-0.01;0.52;-0.04;
0.53;-0.01;-0.00;-0.00;0.00;0.50;-0.01;0.56;-0.03;
0.55;0.01;-0.00;-0.00;0.00;0.50;-0.02;0.59;-0.01;
0.56;0.03;-0.00;-0.00;0.00;0.50;-0.01;0.59;0.01;
0.54;0.04;-0.00;-0.00;0.00;0.50;0.00;0.57;0.01;
0.53;0.03;-0.00;-0.00;0.00;0.50;0.01;0.55;0.02;
0.52;0.02;-0.00;-0.00;0.00;0.50;0.01;0.53;0.04;
0.51;0.01;-0.00;-0.00;0.00;0.50;0.01;0.50;0.03;
0.49;0.01;-0.00;-0.00;0.00;0.50;0.01;0.47;0.02;
0.47;-0.00;-0.00;-0.00;0.00;0.50;0.02;0.46;0.00;
0.47;-0.02;-0.00;-0.00;0.00;0.50;0.01;0.46;-0.01;
0.49;-0.02;-0.00;-0.00;0.01;0.50;-0.00;0.48;-0.00;
0.50;-0.01;-0.00;-0.00;0.01;0.50;-0.00;0.49;-0.01;
0.50;-0.00;-0.00;-0.00;0.01;0.50;0.00;0.50;-0.02;
0.50;0.00;-0.00;-0.00;0.01;0.50;0.00;0.51;-0.00;
0.50;0.00;-0.00;0.00;0.01;0.50;-0.00;0.51;0.01;
0.51;0.00;-0.00;0.00;0.01;0.50;-0.00;0.52;0.00;
0.51;0.00;-0.00;0.00;0.01;0.50;-0.00;0.52;-0.00;
0.51;0.01;-0.00;0.00;0.00;0.50;0.00;0.51;-0.01;
0.50;0.01;-0.00;0.00;0.00;0.50;0.01;0.50;0.01;
0.50;-0.00;-0.00;0.00;0.00;0.50;0.00;0.49;0.02;
0.49;-0.00;-0.00;0.00;0.00;0.50;0.00;0.48;0.02;
0.48;-0.00;-0.00;0.00;0.00;0.50;0.01;0.46;0.01;
0.47;-0.01;-0.00;0.00;0.00;0.50;0.01;0.44;0.01;
0.46;-0.01;-0.00;0.00;0.00;0.50;0.01;0.43;0.00;
0.46;-0.02;-0.00;0.00;0.00;0.50;0.01;0.45;-0.01;
0.48;-0.03;-0.00;0.00;0.00;0.50;-0.01;0.47;-0.02;
0.50;-0.02;-0.00;0.00;0.00;0.50;-0.01;0.50;-0.03;
0.51;-0.00;-0.00;0.00;0.00;0.50;-0.01;0.51;0.00;
0.50;0.01;-0.00;0.00;0.00;0.50;0.00;0.50;0.02;
0.49;0.01;-0.00;0.00;0.00;0.50;0.01;0.48;0.02;
0.48;-0.00;-0.00;0.00;0.00;0.50;0.01;0.47;0.01;
0.48;-0.01;-0.00;0.00;0.00;0.50;0.01;0.45;0.00;
0.47;-0.01;-0.00;0.00;0.00;0.50;0.01;0.43;0.02;
0.45;-0.02;-0.00;0.00;0.00;0.50;0.02;0.41;0.01;
0.45;-0.03;-0.00;0.00;0.00;0.50;0.01;0.43;-0.02;
0.47;-0.04;-0.00;0.00;0.01;0.50;-0.00;0.46;-0.05;
0.50;-0.03;-0.00;0.00;0.01;0.50;-0.02;0.52;-0.05;
0.53;-0.01;-0.00;0.00;0.00;0.50;-0.02;0.54;-0.01;
0.54;0.02;-0.00;0.00;0.00;0.50;-0.01;0.55;0.03;
0.52;0.03;-0.00;0.00;0.00;0.50;0.01;0.54;0.02;
0.51;0.02;-0.00;0.00;-0.00;0.50;0.01;0.52;0.01;
0.50;0.01;-0.00;0.00;-0.00;0.50;0.01;0.50;0.01;
0.49;0.00;-0.00;0.00;-0.00;0.50;0.01;0.47;0.03;
0.48;-0.00;-0.00;0.00;-0.00;0.50;0.01;0.45;0.03;
0.46;-0.01;-0.00;0.00;-0.00;0.50;0.02;0.43;0.00;
0.45;-0.02;-0.00;0.00;-0.00;0.50;0.01;0.44;-0.03;
0.47;-0.03;-0.00;0.00;0.00;0.50;-0.00;0.47;-0.04;
0.50;-0.02;-0.00;0.00;0.00;0.50;-0.01;0.51;-0.02;
0.53;-0.01;-0.00;0.00;-0.00;0.50;-0.02;0.54;-0.01;
0.53;0.01;-0.00;0.00;-0.00;0.50;-0.01;0.54;0.01;
0.52;0.02;-0.00;0.00;-0.00;0.50;0.01;0.52;0.01;
0.49;0.02;-0.00;0.00;-0.00;0.50;0.02;0.49;0.03;
0.48;-0.00;-0.00;0.00;-0.00;0.50;0.01;0.48;0.01;
0.49;-0.01;-0.00;0.00;-0.00;0.50;0.00;0.49;-0.02;
0.50;-0.01;-0.00;-0.00;-0.00;0.50;-0.01;0.51;-0.03;
0.52;-0.00;-0.00;-0.00;-0.00;0.50;-0.01;0.54;-0.01;
0.53;0.01;-0.00;-0.00;-0.00;0.50;-0.01;0.55;0.00;
0.53;0.01;-0.00;-0.00;-0.00;0.50;-0.01;0.56;-0.01;
0.53;0.02;-0.00;-0.00;-0.01;0.50;-0.00;0.57;-0.02;
0.54;0.02;-0.00;0.00;-0.01;0.50;-0.01;0.58;-0.01;
0.55;0.02;-0.00;-0.00;-0.01;0.50;-0.01;0.58;0.01;
0.54;0.03;-0.00;-0.00;-0.01;0.50;-0.00;0.58;0.00;
0.54;0.03;-0.00;-0.00;-0.01;0.50;-0.00;0.58;-0.01;
0.54;0.03;-0.00;-0.00;-0.02;0.50;-0.00;0.58;-0.00;
0.54;0.03;-0.00;-0.00;-0.02;0.50;-0.00;0.57;0.01;
0.54;0.02;-0.00;-0.00;-0.02;0.50;0.00;0.56;0.02;
0.53;0.02;-0.00;-0.00;-0.02;0.50;0.00;0.55;0.01;
0.52;0.02;-0.00;-0.00;-0.02;0.50;0.01;0.54;0.01;
0.51;0.01;-0.00;-0.00;-0.02;0.50;0.01;0.52;0.02;
0.50;0.01;-0.00;-0.00;-0.01;0.50;0.01;0.49;0.03;
0.49;0.00;-0.00;-0.01;-0.01;0.50;0.02;0.48;-0.00;
0.48;-0.01;-0.00;-0.01;-0.01;0.50;0.01;0.49;-0.03;
0.50;-0.01;-0.00;-0.01;-0.00;0.50;-0.00;0.53;-0.04;
0.54;-0.01;-0.00;-0.01;-0.00;0.50;-0.02;0.58;-0.03;
0.57;0.01;-0.00;-0.01;-0.00;0.50;-0.02;0.61;-0.02;
0.57;0.04;-0.00;-0.01;-0.00;0.50;-0.01;0.61;0.00;
0.55;0.04;-0.00;-0.00;0.00;0.50;0.01;0.59;0.02;
0.54;0.03;-0.00;-0.00;0.00;0.50;0.01;0.57;0.03;
0.53;0.02;-0.00;-0.00;0.00;0.50;0.00;0.55;0.02;
0.52;0.02;-0.00;-0.00;0.00;0.50;0.01;0.53;0.01;
0.51;0.02;-0.00;-0.00;0.00;0.50;0.01;0.50;0.02;
0.49;0.01;-0.00;-0.00;0.01;0.50;0.02;0.48;0.01;
0.48;-0.01;-0.00;-0.00;0.01;0.50;0.01;0.49;-0.01;
0.50;-0.02;-0.00;-0.00;0.01;0.50;-0.01;0.52;-0.04;
0.53;-0.01;-0.00;-0.00;0.01;0.50;-0.02;0.56;-0.04;
0.55;0.01;-0.00;-0.00;0.01;0.50;-0.02;0.59;-0.00;
0.56;0.03;-0.00;-0.00;0.01;0.50;-0.01;0.59;0.03;
0.54;0.04;-0.00;0.00;0.00;0.50;0.00;0.55;0.04;
0.51;0.03;-0.00;0.00;0.00;0.50;0.02;0.50;0.03;
0.47;0.02;-0.00;0.00;0.00;0.50;0.02;0.46;0.02;
0.46;-0.01;-0.00;0.00;0.00;0.50;0.01;0.44;0.01;
0.47;-0.02;-0.00;0.00;0.00;0.50;0.00;0.45;-0.01;
0.48;-0.02;-0.00;0.00;0.01;0.50;-0.01;0.47;-0.02;
0.50;-0.01;-0.00;0.00;0.01;0.50;-0.01;0.49;-0.02;
0.50;-0.00;-0.00;0.00;0.01;0.50;-0.00;0.50;-0.01;
0.50;-0.00;-0.00;0.00;0.00;0.50;-0.00;0.51;0.00;
0.51;-0.00;-0.00;0.00;0.00;0.50;-0.01;0.52;0.00;
0.51;0.00;-0.00;0.00;0.00;0.50;-0.01;0.52;-0.00;
0.51;0.01;-0.00;0.00;0.00;0.50;-0.00;0.52;-0.01;
0.51;0.01;-0.00;0.00;-0.00;0.50;-0.00;0.52;0.00;
0.51;0.01;-0.00;0.00;-0.00;0.50;-0.00;0.51;0.02;
0.50;0.01;-0.00;0.00;-0.00;0.50;0.00;0.51;0.02;
0.50;0.00;-0.00;0.00;-0.01;0.50;0.00;0.49;0.01;
0.49;0.00;-0.00;0.00;-0.01;0.50;0.01;0.48;0.00;
0.48;-0.00;-0.00;0.00;-0.01;0.50;0.01;0.46;0.02;
0.47;-0.01;-0.00;0.00;-0.01;0.50;0.01;0.44;0.03;
0.46;-0.01;-0.00;-0.00;-0.00;0.50;0.01;0.43;-0.00;
0.46;-0.02;-0.00;-0.00;-0.00;0.50;0.01;0.45;-0.04;
0.48;-0.03;-0.00;-0.00;-0.00;0.50;-0.01;0.47;-0.02;
0.50;-0.02;-0.00;-0.00;-0.00;0.50;-0.01;0.50;-0.00;
0.51;-0.00;-0.00;-0.00;0.00;0.50;-0.00;0.52;-0.01;
0.52;0.00;-0.00;-0.00;0.00;0.50;-0.01;0.54;-0.02;
0.52;0.01;-0.00;-0.00;-0.00;0.50;-0.01;0.55;-0.02;
0.53;0.01;-0.00;-0.00;-0.00;0.50;-0.01;0.56;-0.00;
0.54;0.02;-0.00;-0.00;-0.00;0.50;-0.01;0.57;0.00;
0.54;0.02;-0.00;-0.00;-0.00;0.50;-0.00;0.57;-0.00;
0.54;0.02;-0.00;0.00;-0.01;0.50;-0.00;0.58;-0.01;
0.54;0.02;-0.00;0.00;-0.01;0.50;-0.01;0.58;0.00;
0.54;0.03;-0.00;0.00;-0.01;0.50;-0.01;0.57;0.02;
0.54;0.03;-0.00;-0.00;-0.01;0.50;-0.00;0.57;0.01;
0.53;0.02;-0.00;-0.00;-0.01;0.50;-0.00;0.56;0.00;
0.53;0.02;-0.00;-0.00;-0.01;0.50;-0.00;0.54;0.01;
0.52;0.02;-0.00;-0.00;-0.01;0.50;0.00;0.53;0.02;
0.51;0.01;-0.00;-0.00;-0.01;0.50;0.01;0.51;0.03;
0.50;0.01;-0.00;-0.00;-0.01;0.50;0.01;0.49;0.02;
0.49;0.00;-0.00;-0.00;-0.01;0.50;0.01;0.47;0.01;
0.47;-0.00;-0.00;-0.00;-0.01;0.50;0.02;0.45;0.01;
0.47;-0.01;-0.00;-0.00;-0.00;0.50;0.01;0.46;-0.01;
0.49;-0.02;-0.00;-0.00;-0.00;0.50;-0.00;0.50;-0.04;
0.52;-0.02;-0.00;-0.00;0.00;-1.50;-1.09;0.54;-0.05;
-0.22;1.29;-0.00;-0.00;0.00;-1.50;0.15;-0.14;1.18;
-1.58;1.10;-0.00;-0.00;0.00;-1.50;0.76;-1.52;1.06;
-2.29;0.18;-0.00;-0.00;-0.00;-1.50;0.55;-2.28;0.17;
-2.11;-0.47;-0.00;-0.00;-0.00;-1.50;0.02;-2.09;-0.47;
-1.52;-0.50;-0.00;-0.00;0.00;-1.50;-0.31;-1.49;-0.50;
-1.13;-0.13;-0.00;-0.00;0.00;-1.50;-0.28;-1.10;-0.15;
-1.15;0.21;-0.00;-0.00;0.00;-1.50;-0.05;-1.13;0.18;
-1.41;0.26;0.00;-0.00;0.00;-1.50;0.13;-1.40;0.27;
-1.62;0.11;0.00;-0.00;0.00;-1.50;0.14;-1.63;0.13;
-1.66;-0.05;0.00;-0.00;0.00;-1.50;0.06;-1.70;-0.04;
-1.59;-0.11;-0.00;-0.00;0.00;-1.50;-0.02;-1.62;-0.10;
-1.50;-0.08;-0.00;-0.00;0.01;-1.50;-0.05;-1.51;-0.07;
-1.45;-0.01;-0.00;-0.00;0.01;-1.50;-0.03;-1.46;-0.01;
-1.47;0.03;-0.00;-0.00;0.01;-1.50;0.01;-1.49;0.04;
-1.52;0.03;-0.00;-0.00;0.01;-1.50;0.03;-1.54;0.06;
-1.55;-0.00;-0.00;-0.00;0.01;-1.50;0.03;-1.58;0.01;
-1.56;-0.03;-0.00;-0.00;0.01;-1.50;0.01;-1.58;-0.02;
-1.53;-0.04;-0.00;0.00;0.02;-1.50;-0.01;-1.54;-0.04;
-1.50;-0.03;-0.00;0.00;0.02;-1.50;-0.02;-1.50;-0.02;
-1.48;-0.01;-0.00;0.00;0.01;-1.50;-0.01;-1.48;-0.01;
-1.49;0.01;-0.00;0.00;0.01;-1.50;-0.00;-1.48;0.01;
-1.50;0.01;-0.00;0.00;0.01;-1.50;0.00;-1.51;0.02;
-1.52;0.01;-0.00;0.00;0.01;-1.50;0.01;-1.54;0.04;
-1.53;-0.00;-0.00;0.00;0.01;-1.50;0.01;-1.55;0.00;
-1.53;-0.02;-0.00;0.00;0.01;-1.50;0.00;-1.54;-0.03;
-1.51;-0.02;-0.00;0.00;0.01;-1.50;-0.01;-1.52;-0.01;
-1.50;-0.01;-0.00;0.00;0.00;-1.50;-0.01;-1.52;0.02;
-1.51;0.00;-0.00;0.00;0.00;-1.50;0.00;-1.55;0.03;
-1.54;0.00;-0.00;0.00;0.00;-1.50;0.02;-1.59;0.03;
-1.57;-0.02;-0.00;0.00;0.00;-1.50;0.03;-1.63;0.02;
-1.58;-0.04;-0.00;0.00;0.00;-1.50;0.01;-1.63;0.01;
-1.57;-0.05;-0.00;0.00;0.00;-1.50;0.00;-1.62;-0.03;
-1.55;-0.05;-0.00;0.00;0.00;-1.50;-0.00;-1.59;-0.03;
-1.53;-0.04;-0.00;0.00;0.01;-1.50;-0.01;-1.57;-0.01;
-1.52;-0.02;-0.00;0.00;0.01;-1.50;-0.00;-1.55;-0.01;
-1.52;-0.01;-0.00;0.00;0.01;-1.50;0.00;-1.53;-0.02;
-1.51;-0.02;-0.00;0.00;0.00;-1.50;-0.01;-1.51;-0.02;
-1.50;-0.01;-0.00;0.00;0.00;-1.50;-0.01;-1.50;0.00;
-1.50;0.00;-0.00;0.00;0.00;-1.50;-0.00;-1.51;0.02;
-1.51;0.01;-0.00;0.00;0.00;-1.50;0.01;-1.53;0.01;
-1.53;-0.00;-0.00;0.00;0.00;-1.50;0.01;-1.54;-0.01;
-1.53;-0.02;-0.00;0.00;-0.00;-1.50;0.00;-1.53;-0.01;
-1.51;-0.02;-0.00;0.00;-0.00;-1.50;-0.01;-1.51;-0.02;
-1.49;-0.01;-0.00;0.00;-0.00;-1.50;-0.01;-1.48;-0.03;
-1.48;0.00;-0.00;0.00;-0.00;-1.50;-0.01;-1.49;0.01;
-1.50;0.01;-0.00;0.00;-0.01;-1.50;0.01;-1.49;0.03;
-1.51;0.00;-0.00;0.00;-0.01;-1.50;0.01;-1.51;0.02;
-1.51;-0.00;-0.00;0.00;-0.01;-1.50;0.00;-1.53;0.00;
-1.52;-0.00;-0.00;0.00;-0.01;-1.50;0.01;-1.56;0.02;
-1.54;-0.01;-0.00;0.00;-0.01;-1.50;0.02;-1.56;0.01;
-1.54;-0.03;-0.00;-0.00;-0.00;-1.50;0.00;-1.55;-0.03;
-1.52;-0.03;-0.00;-0.00;-0.00;-1.50;-0.01;-1.53;-0.02;
-1.50;-0.01;-0.00;-0.00;-0.00;-1.50;-0.01;-1.50;-0.00;
-1.49;-0.00;-0.00;-0.00;-0.00;-1.50;-0.00;-1.49;-0.01;
-1.49;0.00;-0.00;-0.00;-0.00;-1.50;-0.00;-1.47;-0.02;
-1.48;0.00;-0.00;-0.00;-0.00;-1.50;-0.00;-1.46;-0.01;
-1.47;0.01;-0.00;-0.00;-0.00;-1.50;-0.01;-1.45;0.01;
-1.47;0.02;-0.00;-0.00;-0.00;-1.50;-0.00;-1.44;-0.00;
-1.47;0.02;-0.00;-0.00;-0.00;-1.50;-0.00;-1.44;-0.01;
-1.47;0.02;-0.00;-0.00;-0.00;-1.50;-0.00;-1.44;0.00;
-1.47;0.02;-0.00;-0.00;-0.01;-1.50;-0.00;-1.44;0.02;
-1.47;0.02;-0.00;-0.00;-0.01;-1.50;0.00;-1.45;0.00;
-1.48;0.02;-0.00;-0.00;-0.01;-1.50;0.00;-1.46;0.00;
-1.48;0.01;-0.00;-0.00;-0.01;-1.50;0.00;-1.47;0.02;
-1.49;0.01;-0.00;-0.00;-0.01;-1.50;0.01;-1.49;0.02;
-1.50;0.01;-0.00;-0.00;-0.01;-1.50;0.01;-1.50;0.01;
-1.50;0.00;-0.00;-0.00;-0.01;-1.50;0.01;-1.52;0.02;
-1.52;0.00;-0.00;-0.00;-0.00;-1.50;0.02;-1.55;0.03;
-1.54;-0.01;-0.00;-0.00;-0.00;-1.50;0.02;-1.56;0.00;
-1.54;-0.02;-0.00;-0.00;0.00;-1.50;0.01;-1.55;-0.03;
-1.52;-0.03;-0.00;-0.00;0.00;-1.50;-0.00;-1.53;-0.01;
-1.50;-0.01;-0.00;-0.00;0.01;-1.50;-0.00;-1.50;-0.00;
-1.49;-0.00;-0.00;-0.00;0.01;-1.50;-0.00;-1.49;-0.02;
-1.49;0.00;-0.00;-0.00;0.01;-1.50;-0.00;-1.48;-0.02;
-1.49;0.01;-0.00;-0.00;0.01;-1.50;-0.00;-1.46;-0.00;
-1.48;0.01;-0.00;-0.00;0.01;-1.50;-0.01;-1.46;0.00;
-1.47;0.01;-0.00;-0.00;0.01;-1.50;-0.00;-1.45;-0.01;
-1.48;0.02;-0.00;0.00;0.01;-1.50;-0.00;-1.45;-0.01;
-1.48;0.01;-0.00;0.00;0.01;-1.50;-0.00;-1.45;0.01;
-1.48;0.01;-0.00;0.00;0.00;-1.50;-0.00;-1.46;0.02;
-1.48;0.01;-0.00;0.00;0.00;-1.50;-0.00;-1.47;0.01;
-1.49;0.01;-0.00;0.00;0.00;-1.50;0.00;-1.48;-0.00;
-1.49;0.01;-0.00;0.00;-0.00;-1.50;0.00;-1.49;0.02;
-1.50;0.00;-0.00;0.00;-0.00;-1.50;0.00;-1.51;0.03;
-1.51;0.00;-0.00;0.00;-0.00;-1.50;0.01;-1.53;0.02;
-1.52;-0.00;-0.00;0.00;-0.00;-1.50;0.01;-1.55;0.01;
-1.53;-0.01;-0.00;0.00;-0.00;-1.50;0.01;-1.56;0.00;
-1.54;-0.02;-0.00;0.00;-0.00;-1.50;0.01;-1.55;-0.01;
-1.52;-0.03;-0.00;0.00;-0.00;-1.50;-0.01;-1.53;-0.02;
-1.50;-0.02;-0.00;0.00;-0.00;-1.50;-0.01;-1.51;-0.02;
-1.50;-0.00;-0.00;0.00;-0.00;-1.50;-0.00;-1.49;-0.00;
-1.49;0.00;-0.00;0.00;-0.00;-1.50;-0.00;-1.47;-0.01;
-1.48;0.00;-0.00;0.00;-0.00;-1.50;-0.01;-1.47;-0.02;
-1.48;0.01;-0.00;0.00;-0.00;-1.50;-0.00;-1.46;-0.01;
-1.48;0.01;-0.00;0.00;-0.00;-1.50;-0.00;-1.45;0.01;
-1.47;0.01;-0.00;0.00;-0.01;-1.50;-0.01;-1.45;0.01;
-1.47;0.02;-0.00;0.00;-0.01;-1.50;-0.00;-1.45;-0.01;
-1.48;0.02;-0.00;0.00;-0.01;-1.50;0.00;-1.45;0.00;
-1.48;0.01;-0.00;-0.00;-0.01;-1.50;-0.00;-1.46;0.02;
-1.48;0.01;-0.00;-0.00;-0.01;-1.50;-0.00;-1.47;0.01;
-1.49;0.02;-0.00;-0.00;-0.01;-1.50;0.01;-1.48;-0.00;
-1.50;0.01;-0.00;-0.00;-0.01;-1.50;0.01;-1.50;0.02;
-1.50;0.00;-0.00;-0.00;-0.01;-1.50;0.01;-1.52;0.03;
-1.52;0.00;-0.00;-0.00;-0.01;-1.50;0.02;-1.55;0.02;
-1.54;-0.01;-0.00;-0.00;-0.00;-1.50;0.02;-1.56;-0.01;
-1.53;-0.02;-0.00;-0.00;-0.00;-1.50;0.01;-1.54;-0.01;
-1.51;-0.03;-0.00;-0.00;0.00;-1.50;-0.01;-1.52;-0.01;
-1.49;-0.01;-0.00;-0.00;0.00;-1.50;-0.01;-1.49;-0.03;
-1.49;0.00;-0.00;-0.00;0.00;-1.50;-0.00;-1.48;-0.02;
-1.49;0.01;-0.00;-0.00;0.01;-1.50;0.00;-1.46;0.00;
-1.48;0.01;-0.00;-0.00;0.01;-1.50;-0.00;-1.45;-0.01;
-1.47;0.01;-0.00;-0.00;0.01;-1.50;-0.01;-1.44;-0.02;
-1.46;0.02;-0.00;-0.00;0.01;-1.50;-0.01;-1.43;-0.00;
-1.47;0.02;-0.00;-0.00;0.00;-1.50;-0.00;-1.43;0.01;
-1.46;0.02;-0.00;-0.00;0.00;-1.50;-0.01;-1.43;0.00;
-1.46;0.02;-0.00;0.00;0.00;-1.50;-0.01;-1.43;-0.01;
-1.47;0.02;-0.00;0.00;-0.00;-1.50;-0.00;-1.43;0.01;
-1.47;0.02;-0.00;0.00;-0.00;-1.50;-0.01;-1.44;0.02;
-1.47;0.02;-0.00;0.00;-0.01;-1.50;-0.00;-1.46;0.01;
-1.49;0.02;-0.00;0.00;-0.01;-1.50;0.00;-1.47;0.00;
-1.49;0.01;-0.00;0.00;-0.01;-1.50;0.00;-1.49;0.02;
-1.50;0.01;-0.00;0.00;-0.01;-1.50;0.00;-1.51;0.03;
-1.52;0.00;-0.00;-0.00;-0.01;-1.50;0.01;-1.54;0.01;
-1.53;-0.00;-0.00;-0.00;-0.01;-1.50;0.02;-1.55;-0.01;
-1.53;-0.02;-0.00;-0.00;-0.00;-1.50;0.01;-1.53;-0.01;
-1.51;-0.02;-0.00;-0.00;-0.00;-1.50;-0.01;-1.51;-0.01;
-1.49;-0.01;-0.00;-0.00;-0.00;-1.50;-0.01;-1.49;-0.03;
-1.49;0.00;-0.00;-0.00;-0.00;-1.50;-0.00;-1.47;-0.01;
-1.48;0.01;-0.00;-0.00;-0.00;-1.50;-0.00;-1.46;0.00;
-1.48;0.01;-0.00;-0.00;-0.00;-1.50;-0.00;-1.45;-0.01;
-1.47;0.01;-0.00;-0.00;-0.00;-1.50;-0.01;-1.44;-0.02;
-1.47;0.02;-0.00;-0.00;-0.00;-1.50;-0.00;-1.44;0.00;
-1.47;0.02;-0.00;-0.00;-0.00;-1.50;-0.00;-1.43;0.01;
-1.46;0.02;-0.00;-0.00;-0.00;-1.50;-0.01;-1.44;-0.00;
-1.47;0.02;-0.00;-0.00;-0.01;-1.50;-0.00;-1.44;-0.00;
-1.47;0.02;-0.00;-0.00;-0.01;-1.50;0.00;-1.45;0.02;
-1.48;0.02;-0.00;-0.00;-0.01;-1.50;-0.00;-1.46;0.02;
-1.48;0.02;0.00;-0.00;-0.01;-1.50;0.00;-1.48;0.00;
-1.50;0.01;0.00;-0.00;-0.01;-1.50;0.01;-1.49;0.01;
-1.51;0.00;0.00;-0.00;-0.01;-1.50;0.01;-1.51;0.03;
-1.51;-0.00;0.00;-0.00;-0.00;-1.50;0.01;-1.53;0.02;
-1.52;-0.00;-0.00;-0.00;-0.00;-1.50;0.02;-1.56;0.01;
-1.54;-0.01;-0.00;-0.00;0.00;-1.50;0.02;-1.57;0.01;
-1.54;-0.02;-0.00;-0.00;0.00;-1.50;0.01;-1.56;-0.01;
-1.53;-0.03;-0.00;-0.00;0.01;-1.50;-0.00;-1.53;-0.04;
-1.50;-0.02;-0.00;-0.00;0.01;-1.50;-0.01;-1.48;-0.04;
-1.47;-0.01;-0.00;-0.00;0.01;-1.50;-0.02;-1.45;-0.00;
-1.46;0.01;-0.00;-0.00;0.01;-1.50;-0.01;-1.46;0.02;
-1.48;0.03;-0.00;-0.00;0.01;-1.50;0.01;-1.48;0.01;
-1.50;0.01;-0.00;-0.00;0.01;-1.50;0.01;-1.48;-0.00;
-1.49;-0.00;-0.00;0.00;0.01;-1.50;-0.01;-1.47;-0.01;
-1.47;-0.00;-0.00;0.00;0.01;-1.50;-0.02;-1.44;-0.02;
-1.46;0.01;0.00;0.00;0.00;-1.50;-0.02;-1.43;-0.01;
-1.46;0.03;0.00;0.00;0.00;-1.50;-0.01;-1.45;0.03;
-1.49;0.03;0.00;0.00;0.00;-1.50;0.01;-1.49;0.04;
-1.52;0.02;0.00;0.00;-0.00;-1.50;0.02;-1.52;0.02;
-1.52;-0.01;0.00;0.00;-0.00;-1.50;0.00;-1.52;-0.02;
-1.50;-0.02;0.00;0.00;-0.00;-1.50;-0.01;-1.51;-0.01;
-1.50;-0.00;0.00;0.00;-0.00;-1.50;-0.00;-1.52;0.03;
-1.51;0.00;0.00;0.00;-0.00;-1.50;0.01;-1.54;0.02;
-1.54;-0.00;-0.00;0.00;-0.00;-1.50;0.02;-1.57;0.01;
-1.55;-0.02;-0.00;0.00;-0.00;-1.50;0.02;-1.59;0.01;
-1.55;-0.03;-0.00;0.00;0.00;-1.50;0.01;-1.58;-0.00;
-1.54;-0.03;-0.00;-0.00;0.00;-1.50;-0.00;-1.57;-0.02;
-1.53;-0.02;-0.00;-0.00;0.00;-1.50;-0.00;-1.55;-0.02;
-1.52;-0.02;-0.00;-0.00;0.01;-1.50;0.00;-1.54;-0.00;
-1.52;-0.01;-0.00;-0.00;0.01;-1.50;-0.00;-1.53;-0.00;
-1.51;-0.01;-0.00;0.00;0.01;-1.50;-0.00;-1.52;-0.01;
-1.51;-0.01;-0.00;0.00;0.01;-1.50;0.00;-1.52;-0.00;
-1.51;-0.01;-0.00;0.00;0.01;-1.50;0.00;-1.52;0.02;
-1.51;-0.00;-0.00;0.00;0.01;-1.50;0.00;-1.52;0.00;
-1.51;-0.00;-0.00;0.00;0.01;-1.50;0.00;-1.53;-0.01;
-1.52;-0.01;-0.00;0.00;0.01;-1.50;0.00;-1.54;0.01;
-1.52;-0.01;-0.00;0.00;0.01;-1.50;0.01;-1.55;0.02;
-1.53;-0.01;-0.00;0.00;0.01;-1.50;0.01;-1.56;0.01;
-1.54;-0.02;-0.00;0.00;0.01;-1.50;0.01;-1.58;0.01;
-1.55;-0.02;-0.00;0.00;0.01;-1.50;0.01;-1.61;0.02;
-1.57;-0.02;-0.00;0.00;0.01;-1.50;0.02;-1.61;0.01;
-1.56;-0.04;-0.00;0.00;0.01;-1.50;0.01;-1.60;-0.03;
-1.54;-0.04;-0.00;0.00;0.01;-1.50;-0.00;-1.58;-0.03;
-1.53;-0.03;-0.00;0.00;0.01;-1.50;-0.01;-1.56;-0.01;
-1.52;-0.02;-0.00;0.00;0.01;-1.50;-0.00;-1.53;-0.01;
-1.51;-0.01;-0.00;0.00;0.01;-1.50;-0.01;-1.52;-0.02;
-1.51;-0.01;-0.00;0.00;0.01;-1.50;-0.00;-1.51;-0.01;
-1.50;-0.01;-0.00;0.00;0.01;-1.50;-0.01;-1.50;0.01;
-1.49;-0.00;-0.00;0.01;0.01;-1.50;-0.01;-1.49;-0.00;
-1.49;0.00;-0.00;0.01;0.00;-1.50;-0.01;-1.49;-0.01;
-1.49;0.01;-0.00;0.01;-0.00;-1.50;-0.00;-1.49;-0.00;
-1.50;0.00;-0.00;0.01;-0.00;-1.50;-0.00;-1.49;0.02;
-1.49;0.00;-0.00;0.01;-0.01;-1.50;-0.01;-1.49;0.01;
-1.50;0.00;-0.00;0.00;-0.01;-1.50;-0.00;-1.50;-0.00;
-1.51;0.00;-0.00;0.00;-0.01;-1.50;0.00;-1.52;0.01;
-1.52;-0.00;-0.00;0.00;-0.01;-1.50;0.01;-1.53;0.03;
-1.52;-0.01;-0.00;0.00;-0.02;-1.50;0.00;-1.55;0.02;
-1.53;-0.01;-0.00;0.00;-0.01;-1.50;0.01;-1.57;0.01;
-1.54;-0.02;-0.00;0.00;-0.01;-1.50;0.01;-1.58;-0.00;
-1.55;-0.02;-0.00;-0.00;-0.01;-1.50;0.01;-1.56;-0.01;
-1.52;-0.03;-0.00;-0.00;-0.01;-1.50;-0.01;-1.52;-0.05;
-1.49;-0.02;-0.00;-0.00;-0.01;-1.50;-0.02;-1.48;-0.05;
-1.47;-0.00;-0.00;-0.00;-0.01;0.50;1.06;-1.44;-0.00;
-0.69;-1.27;-0.00;-0.00;-0.01;0.50;-0.18;-0.71;-1.22;
0.67;-1.04;-0.00;-0.00;-0.01;0.50;-0.77;0.66;-1.05;
1.36;-0.12;-0.00;-0.00;-0.00;0.50;-0.54;1.19;-0.15;
0.97;0.56;-0.00;-0.00;0.01;0.50;0.12;1.07;0.48;
0.47;0.41;-0.00;-0.00;0.00;0.50;0.29;0.57;0.34;
0.27;0.05;-0.00;-0.00;0.00;0.50;0.16;0.35;-0.00;
0.39;-0.15;-0.00;-0.00;-0.00;0.50;-0.04;0.46;-0.18;
0.60;-0.12;-0.00;-0.00;-0.01;0.50;-0.13;0.65;-0.12;
0.69;0.03;-0.00;-0.00;-0.01;0.50;-0.08;0.72;0.03;
0.62;0.12;-0.00;-0.00;-0.01;0.50;0.02;0.63;0.11;
0.49;0.10;-0.00;-0.00;-0.01;0.50;0.07;0.50;0.11;
0.42;0.02;-0.00;-0.00;-0.01;0.50;0.06;0.42;0.03;
0.44;-0.05;-0.00;-0.00;-0.01;0.50;0.01;0.45;-0.05;
0.50;-0.05;-0.00;-0.00;-0.01;0.50;-0.03;0.51;-0.06;
0.54;-0.01;-0.00;-0.00;-0.00;0.50;-0.03;0.54;0.00;
0.53;0.03;-0.00;-0.00;-0.00;0.50;0.01;0.53;0.04;
0.50;0.02;-0.00;-0.00;-0.00;0.50;0.02;0.49;0.03;
0.48;0.00;-0.00;-0.00;0.00;0.50;0.02;0.47;-0.01;
0.48;-0.01;-0.00;-0.00;0.00;0.50;0.01;0.48;-0.01;
0.50;-0.02;-0.00;-0.00;0.00;0.50;-0.00;0.50;0.00;
0.51;-0.01;-0.00;-0.00;0.01;0.50;-0.01;0.51;-0.01;
0.51;0.01;-0.00;-0.00;0.01;0.50;0.00;0.52;-0.02;
0.51;0.00;-0.00;-0.00;0.01;0.50;0.00;0.53;-0.01;
0.52;0.00;-0.00;-0.00;0.01;0.50;-0.01;0.53;0.01;
0.52;0.01;-0.00;-0.00;0.01;0.50;-0.00;0.53;0.01;
0.51;0.01;-0.00;0.00;0.01;0.50;0.00;0.53;-0.00;
0.51;0.01;-0.00;0.00;0.01;0.50;0.00;0.52;-0.01;
0.51;0.01;-0.00;0.00;0.01;0.50;-0.00;0.52;0.01;
0.51;0.01;-0.00;0.00;0.00;0.50;-0.00;0.50;0.02;
0.50;0.01;-0.00;0.00;0.00;0.50;0.01;0.49;0.02;
0.48;0.00;-0.00;0.00;0.00;0.50;0.01;0.47;0.01;
0.48;-0.01;-0.00;0.00;0.00;0.50;0.01;0.45;0.01;
0.47;-0.01;-0.00;0.00;0.00;0.50;0.01;0.43;0.02;
0.45;-0.01;-0.00;0.00;0.01;0.50;0.02;0.42;0.01;
0.45;-0.03;-0.00;0.00;0.01;0.50;0.01;0.43;-0.02;
0.47;-0.03;-0.00;0.00;0.01;0.50;-0.01;0.45;-0.03;
0.49;-0.02;-0.00;0.00;0.01;0.50;-0.01;0.47;-0.02;
0.49;-0.01;-0.00;0.00;0.01;0.50;-0.00;0.48;0.02;
0.49;-0.00;-0.00;0.00;0.01;0.50;0.01;0.46;0.02;
0.47;-0.00;-0.00;0.00;0.01;0.50;0.01;0.45;0.01;
0.46;-0.01;-0.00;0.00;0.01;0.50;0.01;0.44;-0.02;
0.47;-0.02;-0.00;0.00;0.01;0.50;0.00;0.45;-0.00;
0.48;-0.02;-0.00;0.00;0.01;0.50;-0.00;0.45;0.01;
0.48;-0.01;-0.00;0.00;0.01;0.50;0.00;0.45;0.00;
0.47;-0.01;-0.00;0.00;0.01;0.50;0.01;0.44;-0.00;
0.47;-0.02;-0.00;0.00;0.01;0.50;0.01;0.44;0.00;
0.47;-0.02;-0.00;0.00;0.01;0.50;0.00;0.43;0.02;
0.46;-0.02;-0.00;0.00;0.01;0.50;0.01;0.42;0.02;
0.45;-0.02;-0.00;0.00;0.01;0.50;0.01;0.40;0.01;
0.44;-0.03;-0.00;0.00;0.01;0.50;0.01;0.40;-0.02;
0.44;-0.03;-0.00;0.00;0.01;0.50;0.01;0.42;-0.03;
0.47;-0.04;-0.00;0.00;0.01;0.50;-0.01;0.45;-0.01;
0.49;-0.03;-0.00;0.00;0.01;0.50;-0.01;0.48;-0.02;
0.50;-0.01;-0.00;0.00;0.01;0.50;-0.01;0.49;-0.00;
0.49;0.00;-0.00;0.00;0.01;0.50;0.00;0.48;-0.00;
0.48;-0.00;-0.00;0.00;0.01;0.50;0.01;0.47;0.01;
0.48;-0.01;-0.00;0.00;0.00;0.50;0.00;0.46;0.02;
0.48;-0.01;-0.00;0.00;0.00;0.50;0.00;0.45;0.01;
0.47;-0.01;-0.00;0.00;0.00;0.50;0.01;0.43;0.01;
0.45;-0.02;-0.00;0.00;0.00;0.50;0.01;0.41;0.02;
0.44;-0.02;-0.00;0.00;0.00;0.50;0.01;0.40;0.01;
0.44;-0.03;-0.00;0.00;0.00;0.50;0.01;0.41;-0.01;
0.46;-0.04;-0.00;0.00;0.00;0.50;-0.00;0.44;-0.03;
0.48;-0.03;-0.00;0.00;0.00;0.50;-0.01;0.46;-0.03;
0.49;-0.01;-0.00;0.00;0.00;0.50;-0.00;0.48;-0.01;
0.49;-0.01;-0.00;0.00;0.00;0.50;-0.00;0.50;0.00;
0.51;-0.01;-0.00;0.00;0.00;0.50;-0.01;0.51;-0.00;
0.51;0.00;-0.00;0.00;-0.00;0.50;-0.00;0.52;-0.01;
0.51;0.01;-0.00;0.00;-0.00;0.50;-0.00;0.53;-0.01;
0.52;0.00;-0.00;0.00;-0.01;0.50;-0.01;0.53;0.00;
0.52;0.01;-0.00;0.00;-0.01;0.50;-0.00;0.53;0.02;
0.52;0.01;-0.00;0.00;-0.01;0.50;0.00;0.53;0.01;
0.51;0.01;-0.00;0.00;-0.01;0.50;0.00;0.53;-0.00;
0.51;0.01;-0.00;0.00;-0.01;0.50;0.00;0.52;0.00;
0.50;0.01;-0.00;0.00;-0.01;0.50;0.01;0.51;0.02;
0.50;0.00;-0.00;-0.00;-0.01;0.50;0.01;0.49;0.02;
0.49;0.00;-0.00;-0.00;-0.01;0.50;0.01;0.48;0.01;
0.48;-0.00;-0.00;-0.00;-0.01;0.50;0.01;0.46;0.01;
0.47;-0.01;-0.00;-0.00;-0.01;0.50;0.02;0.45;0.01;
0.47;-0.02;-0.00;-0.00;-0.01;0.50;0.01;0.46;-0.02;
0.49;-0.02;-0.00;-0.00;-0.00;0.50;-0.00;0.50;-0.05;
0.52;-0.02;-0.00;-0.00;-0.00;0.50;-0.02;0.55;-0.05;
0.55;0.00;-0.00;-0.00;-0.00;0.50;-0.02;0.59;-0.01;
0.56;0.03;-0.00;-0.00;-0.00;0.50;-0.01;0.59;0.02;
0.55;0.04;-0.00;-0.00;-0.00;0.50;0.00;0.56;0.03;
0.52;0.04;-0.00;-0.00;-0.00;0.50;0.02;0.53;0.03;
0.49;0.02;-0.00;-0.00;-0.00;0.50;0.02;0.49;0.02;
0.48;-0.00;-0.00;-0.00;0.00;0.50;0.01;0.48;0.01;
0.49;-0.01;-0.00;-0.00;0.00;0.50;0.00;0.50;-0.03;
0.51;-0.01;-0.00;-0.00;0.00;0.50;-0.01;0.53;-0.03;
0.53;0.00;-0.00;-0.00;0.00;0.50;-0.01;0.55;-0.02;
0.53;0.02;-0.00;-0.00;0.00;0.50;-0.00;0.56;0.02;
0.53;0.02;-0.00;-0.00;0.00;0.50;0.00;0.55;0.02;
0.52;0.02;-0.00;-0.00;0.00;0.50;0.01;0.54;0.01;
0.51;0.01;-0.00;-0.00;0.00;0.50;0.00;0.53;0.01;
0.51;0.01;-0.00;-0.00;0.00;0.50;0.01;0.51;0.02;
0.50;0.01;-0.00;-0.00;0.00;0.50;0.01;0.49;0.03;
0.48;0.00;-0.00;-0.00;0.00;0.50;0.01;0.48;-0.00;
0.48;-0.01;-0.00;-0.00;0.00;0.50;0.01;0.49;-0.07;
0.50;-0.01;-0.00;-0.00;0.00;0.50;-0.01;0.52;-0.02;
0.52;-0.00;-0.00;0.00;0.00;0.50;-0.01;0.54;-0.01;
0.53;0.01;-0.00;0.00;0.00;0.50;-0.01;0.54;0.01;
0.52;0.02;-0.00;0.00;0.00;0.50;0.00;0.54;0.01;
0.51;0.02;-0.00;0.00;-0.00;0.50;0.01;0.52;0.00;
0.50;0.01;-0.00;0.00;-0.00;0.50;0.01;0.51;0.02;
0.50;0.00;-0.00;0.00;-0.00;0.50;0.00;0.49;0.03;
0.49;0.00;-0.00;0.00;-0.00;0.50;0.01;0.46;0.02;
0.47;-0.00;-0.00;0.00;-0.00;0.50;0.02;0.45;-0.01;
0.47;-0.02;-0.00;-0.00;0.00;0.50;0.01;0.46;-0.02;
0.49;-0.02;-0.00;-0.00;0.00;0.50;-0.01;0.49;-0.01;
0.51;-0.01;-0.00;-0.00;0.00;0.50;-0.01;0.51;-0.01;
0.51;0.00;-0.00;-0.00;0.00;0.50;-0.00;0.51;0.00;
0.50;0.01;-0.00;0.00;0.00;0.50;0.01;0.50;0.00;
0.49;0.01;-0.00;0.00;0.00;0.50;0.01;0.48;0.01;
0.48;-0.00;-0.00;-0.00;0.00;0.50;0.01;0.46;0.03;
0.47;-0.01;-0.00;-0.00;0.00;0.50;0.01;0.46;0.00;
0.48;-0.02;-0.00;-0.00;0.00;0.50;0.00;0.47;-0.03;
0.49;-0.02;-0.00;0.00;0.00;0.50;-0.01;0.50;-0.03;
0.51;-0.01;-0.00;0.00;0.00;0.50;-0.01;0.52;-0.01;
0.52;0.00;-0.00;0.00;0.00;0.50;-0.01;0.53;0.02;
0.52;0.01;-0.00;0.00;0.00;0.50;0.00;0.52;0.01;
0.50;0.01;-0.00;0.00;0.00;0.50;0.01;0.51;0.00;
0.50;0.00;-0.00;0.00;0.00;0.50;0.01;0.50;0.01;
0.49;0.00;-0.00;0.00;0.00;0.50;0.00;0.48;0.03;
0.48;-0.00;-0.00;0.00;0.00;0.50;0.01;0.46;0.03;
0.47;-0.01;-0.00;0.00;0.00;0.50;0.01;0.45;-0.00;
0.47;-0.02;-0.00;0.00;0.00;0.50;0.01;0.46;-0.03;
0.49;-0.02;-0.00;0.00;0.00;0.50;-0.01;0.49;-0.02;
0.51;-0.01;-0.00;0.00;0.00;0.50;-0.01;0.51;-0.00;
0.51;0.00;-0.00;0.00;0.00;0.50;-0.00;0.52;0.01;
0.51;0.01;-0.00;0.00;0.00;0.50;0.00;0.51;0.00;
0.50;0.01;-0.00;0.00;0.00;0.50;0.01;0.49;0.00;
0.49;0.00;-0.00;0.00;0.00;0.50;0.01;0.47;0.02;
0.48;-0.00;-0.00;0.00;0.00;0.50;0.01;0.45;0.03;
0.47;-0.01;-0.00;0.00;0.00;0.50;0.01;0.44;0.00;
0.47;-0.02;-0.00;0.00;0.00;0.50;0.01;0.46;-0.03;
0.49;-0.03;-0.00;0.00;0.00;0.50;-0.01;0.49;-0.03;
0.51;-0.01;-0.00;0.00;0.00;0.50;-0.01;0.51;-0.01;
0.52;0.00;-0.00;0.00;0.00;0.50;-0.00;0.52;0.02;
0.51;0.01;-0.00;0.00;0.00;0.50;0.00;0.51;0.01;
0.50;0.01;-0.00;0.00;0.00;0.50;0.01;0.49;0.00;
0.49;0.00;-0.00;0.00;0.00;0.50;0.01;0.48;0.01;
0.49;-0.01;-0.00;0.00;0.00;0.50;0.00;0.48;0.00;
0.49;-0.01;-0.00;0.00;0.00;0.50;0.00;0.48;0.01;
0.49;-0.01;-0.00;0.00;0.00;0.50;0.00;0.48;-0.00;
0.49;-0.00;-0.00;0.00;0.00;0.50;0.00;0.48;-0.01;
0.49;-0.00;-0.00;0.00;0.00;0.50;0.01;0.48;0.00;
0.49;-0.01;-0.00;0.00;0.00;0.50;0.00;0.47;0.02;
0.48;-0.00;-0.00;0.00;0.00;0.50;0.01;0.47;0.02;
0.48;-0.01;-0.00;0.00;0.00;0.50;0.01;0.45;0.01;
0.47;-0.01;-0.00;0.00;0.00;0.50;0.01;0.44;0.01;
0.46;-0.02;-0.00;0.00;0.00;0.50;0.01;0.43;-0.00;
0.46;-0.02;-0.00;0.00;0.01;0.50;0.01;0.45;-0.01;
0.48;-0.03;-0.00;0.00;0.01;0.50;-0.01;0.48;-0.03;
0.51;-0.02;-0.00;0.00;0.01;0.50;-0.01;0.51;-0.03;
0.52;0.00;-0.00;0.00;0.01;0.50;-0.01;0.52;0.00;
0.51;0.01;-0.00;0.00;0.00;0.50;0.00;0.52;0.01;
0.50;0.01;-0.00;0.00;0.00;0.50;0.01;0.51;0.02;
0.50;0.00;-0.00;0.00;0.00;0.50;0.00;0.50;0.01;
0.50;-0.00;-0.00;0.00;0.00;0.50;0.00;0.48;0.00;
0.49;-0.00;-0.00;0.00;0.00;0.50;0.01;0.47;0.01;
0.47;-0.01;-0.00;0.00;0.00;0.50;0.01;0.44;0.03;
0.46;-0.01;-0.00;0.00;0.00;0.50;0.02;0.43;0.00;
0.46;-0.02;-0.00;0.00;0.00;0.50;0.01;0.45;-0.03;
0.48;-0.03;-0.00;0.00;0.00;0.50;-0.01;0.48;-0.03;
0.51;-0.02;-0.00;0.00;0.00;0.50;-0.01;0.50;-0.01;
0.51;0.00;-0.00;0.00;0.00;0.50;-0.00;0.51;0.02;
0.50;0.01;-0.00;0.00;0.00;0.50;0.00;0.50;0.01;
0.49;0.00;-0.00;0.00;0.00;0.50;0.01;0.48;0.00;
0.48;-0.00;-0.00;0.00;0.00;0.50;0.01;0.47;0.01;
0.48;-0.01;-0.00;0.00;0.00;0.50;0.01;0.45;0.02;
0.47;-0.01;-0.00;0.00;0.00;0.50;0.01;0.42;0.03;
0.45;-0.02;-0.00;0.00;0.00;0.50;0.02;0.41;-0.00;
0.45;-0.03;-0.00;0.00;0.00;0.50;0.01;0.42;-0.07;
0.47;-0.03;-0.00;0.00;0.01;0.50;-0.00;0.46;-0.04;
0.50;-0.03;-0.00;0.00;0.01;0.50;-0.02;0.51;-0.03;
0.53;-0.01;-0.00;0.00;0.00;0.50;-0.02;0.54;-0.01;
0.54;0.01;-0.00;0.00;0.00;0.50;-0.01;0.54;0.01;
0.52;0.03;-0.00;0.00;0.00;0.50;0.01;0.53;0.00;
0.50;0.02;-0.00;0.00;0.00;0.50;0.01;0.51;0.02;
0.50;0.00;-0.00;0.00;-0.00;0.50;0.01;0.50;0.01;
0.50;-0.00;-0.00;0.00;-0.00;0.50;0.00;0.51;0.00;
0.51;-0.00;-0.00;0.00;-0.00;0.50;-0.00;0.51;-0.01;
0.51;0.00;-0.00;0.00;-0.00;0.50;0.00;0.51;-0.00;
0.50;0.00;-0.00;0.00;-0.01;0.50;0.00;0.50;0.01;
0.50;0.00;-0.00;0.00;-0.01;0.50;0.00;0.49;0.02;
0.49;0.00;-0.00;0.00;-0.01;0.50;0.01;0.48;0.01;
0.49;-0.00;-0.00;0.00;-0.01;0.50;0.01;0.47;0.00;
0.48;-0.01;-0.00;-0.00;-0.00;0.50;0.01;0.45;0.02;
0.46;-0.01;-0.00;-0.00;-0.00;0.50;0.02;0.44;0.01;
0.47;-0.02;-0.00;-0.00;-0.00;0.50;0.01;0.46;-0.02;
0.49;-0.02;-0.00;-0.00;-0.00;0.50;-0.00;0.49;-0.04;
0.51;-0.01;-0.00;-0.00;0.00;0.50;-0.01;0.51;-0.02;
0.52;0.00;-0.00;-0.00;0.00;0.50;-0.00;0.54;-0.01;
0.52;0.01;-0.00;-0.00;0.00;0.50;-0.00;0.55;-0.01;
0.53;0.01;-0.00;-0.00;0.00;0.50;-0.00;0.57;-0.02;
0.54;0.02;-0.00;-0.00;-0.00;0.50;-0.01;0.58;-0.02;
0.55;0.02;-0.00;-0.00;-0.00;0.50;-0.01;0.59;-0.01;
0.55;0.03;-0.00;0.00;-0.01;0.50;-0.01;0.60;0.01;
0.55;0.03;-0.00;0.00;-0.01;-1.50;-1.08;0.60;-0.00;
-0.21;1.31;-0.00;0.00;-0.01;-1.50;0.16;-0.13;1.18;
-1.59;1.11;-0.00;0.00;-0.02;-1.50;0.77;-1.52;1.08;
-2.30;0.18;-0.00;0.00;-0.02;-1.50;0.55;-2.31;0.21;
-2.13;-0.47;-0.00;-0.00;-0.02;-1.50;0.04;-2.17;-0.45;
-1.58;-0.51;-0.00;-0.00;-0.02;-1.50;-0.28;-1.59;-0.50;
-1.19;-0.16;-0.00;-0.00;-0.01;-1.50;-0.26;-1.19;-0.15;
-1.19;0.16;-0.00;-0.00;-0.01;-1.50;-0.05;-1.19;0.15;
-1.43;0.23;-0.00;-0.00;-0.01;-1.50;0.12;-1.43;0.24;
-1.63;0.10;-0.00;-0.00;-0.01;-1.50;0.14;-1.65;0.12;
-1.67;-0.06;-0.00;-0.01;-0.00;-1.50;0.07;-1.69;-0.05;
-1.58;-0.12;-0.00;-0.01;0.00;-1.50;-0.03;-1.59;-0.12;
-1.47;-0.08;-0.00;-0.01;0.00;-1.50;-0.06;-1.46;-0.08;
-1.42;0.00;-0.00;-0.00;0.01;-1.50;-0.03;-1.39;-0.02;
-1.42;0.04;-0.00;-0.00;0.01;-1.50;-0.00;-1.40;0.01;
-1.46;0.05;-0.00;-0.00;0.01;-1.50;0.02;-1.43;0.03;
-1.49;0.03;-0.00;-0.00;0.01;-1.50;0.02;-1.45;0.02;
-1.49;0.01;-0.00;-0.00;0.01;-1.50;0.00;-1.45;-0.01;
-1.47;0.00;-0.00;-0.00;0.01;-1.50;-0.01;-1.44;-0.02;
-1.46;0.02;-0.00;-0.00;0.01;-1.50;-0.01;-1.45;0.02;
-1.48;0.03;-0.00;-0.00;0.01;-1.50;0.01;-1.46;0.03;
-1.49;0.02;-0.00;0.00;0.01;-1.50;0.01;-1.48;-0.00;
-1.49;0.00;-0.00;0.00;0.00;-1.50;0.00;-1.47;-0.03;
-1.48;-0.00;-0.00;0.00;0.00;-1.50;-0.01;-1.44;-0.02;
-1.46;0.01;-0.00;0.00;0.00;-1.50;-0.02;-1.43;0.02;
-1.46;0.03;-0.00;0.00;-0.00;-1.50;-0.00;-1.45;0.03;
-1.49;0.03;-0.00;0.00;-0.00;-1.50;0.01;-1.49;0.02;
-1.52;0.01;-0.00;0.00;-0.00;-1.50;0.02;-1.52;0.01;
-1.53;-0.01;-0.00;0.00;-0.00;-1.50;0.01;-1.53;0.01;
-1.51;-0.02;-0.00;0.00;-0.00;-1.50;-0.00;-1.53;-0.01;
-1.51;-0.01;-0.00;0.00;-0.00;-1.50;0.00;-1.52;-0.01;
-1.51;-0.01;-0.00;0.00;-0.00;-1.50;0.00;-1.52;0.01;
-1.51;-0.00;-0.00;-0.00;-0.00;-1.50;0.01;-1.52;0.01;
-1.51;-0.00;-0.00;-0.00;-0.00;-1.50;0.01;-1.52;-0.00;
-1.51;-0.01;-0.00;-0.00;-0.00;-1.50;0.00;-1.53;0.01;
-1.52;-0.01;-0.00;-0.00;-0.00;-1.50;0.01;-1.54;0.03;
-1.53;-0.01;-0.00;-0.00;0.00;-1.50;0.01;-1.56;0.01;
-1.54;-0.01;-0.00;-0.00;0.00;-1.50;0.01;-1.56;-0.02;
-1.53;-0.02;-0.00;-0.00;0.01;-1.50;0.01;-1.54;-0.02;
-1.51;-0.03;-0.00;-0.00;0.01;-1.50;-0.01;-1.51;-0.02;
-1.49;-0.01;-0.00;-0.00;0.01;-1.50;-0.01;-1.48;-0.03;
-1.48;0.00;-0.00;-0.00;0.01;-1.50;-0.01;-1.47;-0.00;
-1.48;0.01;-0.00;0.00;0.01;-1.50;0.00;-1.47;0.02;
-1.49;0.01;-0.00;0.00;0.01;-1.50;0.00;-1.48;0.01;
-1.49;0.01;-0.00;0.00;0.00;-1.50;0.00;-1.49;0.00;
-1.50;0.01;-0.00;0.00;0.00;-1.50;0.01;-1.51;0.01;
-1.51;0.00;-0.00;0.00;0.00;-1.50;0.01;-1.52;0.02;
-1.51;-0.01;-0.00;0.00;0.00;-1.50;0.01;-1.54;0.02;
-1.52;-0.01;-0.00;0.00;0.00;-1.50;0.01;-1.57;0.01;
-1.55;-0.01;-0.00;0.00;0.01;-1.50;0.02;-1.57;-0.00;
-1.54;-0.03;-0.00;0.00;0.01;-1.50;0.01;-1.56;-0.01;
-1.52;-0.03;-0.00;0.00;0.01;-1.50;-0.01;-1.54;-0.02;
-1.51;-0.02;-0.00;0.00;0.01;-1.50;-0.01;-1.52;-0.03;
-1.50;-0.01;-0.00;0.00;0.01;-1.50;-0.00;-1.50;-0.01;
-1.49;-0.00;-0.00;0.00;0.00;-1.50;-0.00;-1.49;0.00;
-1.49;0.00;-0.00;0.00;0.00;-1.50;-0.00;-1.48;-0.01;
-1.49;0.01;-0.00;0.00;0.00;-1.50;-0.00;-1.47;-0.01;
-1.48;0.01;-0.00;0.00;-0.00;-1.50;-0.01;-1.46;-0.01;
-1.47;0.01;-0.00;0.00;-0.00;-1.50;-0.01;-1.46;0.01;
-1.48;0.02;-0.00;0.00;-0.01;-1.50;-0.00;-1.46;0.01;
-1.48;0.01;-0.00;0.00;-0.01;-1.50;-0.00;-1.46;-0.01;
-1.48;0.01;-0.00;0.00;-0.01;-1.50;-0.00;-1.47;0.01;
-1.49;0.01;-0.00;0.00;-0.01;-1.50;-0.00;-1.48;0.02;
-1.49;0.01;-0.00;0.00;-0.01;-1.50;0.00;-1.49;0.01;
-1.50;0.01;-0.00;0.00;-0.01;-1.50;0.01;-1.51;0.00;
-1.51;0.00;-0.00;-0.00;-0.01;-1.50;0.01;-1.52;0.02;
-1.52;-0.00;-0.00;-0.00;-0.01;-1.50;0.01;-1.55;0.03;
-1.53;-0.01;-0.00;-0.00;-0.01;-1.50;0.02;-1.56;-0.00;
-1.54;-0.02;-0.00;-0.00;-0.01;-1.50;0.01;-1.55;-0.03;
-1.52;-0.03;-0.00;-0.00;-0.01;-1.50;-0.00;-1.50;-0.03;
-1.48;-0.02;-0.00;-0.00;-0.01;-1.50;-0.02;-1.46;-0.04;
-1.45;0.00;-0.00;-0.00;-0.00;-1.50;-0.02;-1.43;-0.03;
-1.45;0.03;-0.00;-0.00;-0.00;-1.50;-0.00;-1.42;0.01;
-1.46;0.03;-0.00;-0.00;-0.00;-1.50;0.00;-1.44;0.03;
-1.48;0.03;-0.00;-0.00;-0.00;-1.50;0.01;-1.46;0.01;
-1.49;0.02;-0.00;-0.00;-0.00;-1.50;0.01;-1.46;-0.01;
-1.48;0.00;-0.00;-0.00;-0.00;-1.50;-0.00;-1.45;-0.02;
-1.46;0.01;-0.00;-0.00;-0.00;-1.50;-0.01;-1.42;-0.01;
-1.45;0.02;-0.00;-0.00;-0.00;-1.50;-0.01;-1.41;-0.00;
-1.45;0.03;-0.00;-0.00;-0.00;-1.50;-0.00;-1.42;0.03;
-1.47;0.04;-0.00;-0.00;-0.00;-1.50;0.01;-1.46;0.04;
-1.50;0.03;-0.00;-0.00;-0.00;-1.50;0.02;-1.49;0.02;
-1.51;0.00;-0.00;-0.00;-0.00;-1.50;0.01;-1.49;-0.02;
-1.49;-0.01;-0.00;-0.00;-0.00;-1.50;-0.01;-1.48;-0.01;
-1.48;0.00;-0.00;-0.00;-0.00;-1.50;-0.01;-1.48;0.01;
-1.49;0.02;-0.00;-0.00;-0.00;-1.50;0.01;-1.47;-0.00;
-1.49;0.01;-0.00;-0.00;0.00;-1.50;0.00;-1.47;-0.01;
-1.48;0.00;-0.00;-0.00;0.00;-1.50;-0.00;-1.47;0.01;
-1.48;0.01;-0.00;-0.00;0.00;-1.50;0.00;-1.47;0.02;
-1.49;0.01;-0.00;-0.00;0.00;-1.50;0.01;-1.48;0.01;
-1.49;0.01;-0.00;-0.00;0.00;-1.50;0.00;-1.49;-0.00;
-1.50;0.01;-0.00;-0.00;0.00;-1.50;0.01;-1.51;0.02;
-1.51;0.00;-0.00;-0.00;0.00;-1.50;0.01;-1.53;0.03;
-1.52;-0.00;-0.00;-0.00;0.00;-1.50;0.01;-1.53;-0.01;
-1.52;-0.01;-0.00;-0.00;0.01;-1.50;0.00;-1.51;-0.03;
-1.49;-0.02;-0.00;-0.00;0.01;-1.50;-0.01;-1.48;-0.02;
-1.47;-0.00;-0.00;-0.00;0.01;-1.50;-0.01;-1.47;0.01;
-1.48;0.02;-0.00;0.00;0.01;-1.50;0.00;-1.49;0.02;
-1.51;0.02;-0.00;0.00;0.01;-1.50;0.02;-1.52;0.03;
-1.53;0.00;-0.00;0.00;0.01;-1.50;0.02;-1.55;0.02;
-1.54;-0.01;-0.00;0.00;0.01;-1.50;0.01;-1.55;-0.01;
-1.52;-0.02;-0.00;0.00;0.01;-1.50;-0.00;-1.52;-0.04;
-1.50;-0.02;-0.00;0.00;0.01;-1.50;-0.01;-1.48;-0.03;
-1.47;-0.00;-0.00;0.00;0.01;-1.50;-0.02;-1.47;0.01;
-1.48;0.02;-0.00;0.00;0.00;-1.50;-0.00;-1.47;0.02;
-1.50;0.02;-0.00;0.00;0.00;-1.50;0.01;-1.50;0.01;
-1.52;0.01;-0.00;0.00;0.00;-1.50;0.02;-1.54;0.03;
-1.53;-0.01;-0.00;0.00;0.00;-1.50;0.02;-1.55;0.02;
-1.53;-0.02;-0.00;0.00;0.00;-1.50;0.01;-1.55;-0.01;
-1.52;-0.02;-0.00;0.00;0.00;-1.50;-0.00;-1.54;-0.02;
-1.51;-0.02;-0.00;0.00;0.00;-1.50;-0.00;-1.52;-0.01;
-1.51;-0.01;-0.00;0.00;0.00;-1.50;-0.00;-1.51;0.01;
-1.50;-0.00;-0.00;0.00;0.00;-1.50;0.00;-1.51;-0.00;
-1.51;-0.00;-0.00;0.00;0.00;-1.50;0.00;-1.51;-0.01;
-1.50;-0.01;-0.00;0.00;-0.00;-1.50;-0.00;-1.51;0.01;
-1.50;-0.00;-0.00;0.00;-0.00;-1.50;0.00;-1.51;0.01;
-1.50;-0.00;-0.00;0.00;-0.00;-1.50;0.00;-1.52;0.00;
-1.51;-0.00;-0.00;0.00;-0.00;-1.50;0.01;-1.53;-0.00;
-1.52;-0.01;-0.00;0.00;-0.00;-1.50;0.01;-1.54;0.02;
-1.52;-0.01;-0.00;0.00;-0.00;-1.50;0.01;-1.56;0.02;
-1.54;-0.01;-0.00;0.00;0.00;-1.50;0.01;-1.57;0.01;
-1.55;-0.02;-0.00;0.00;0.00;-1.50;0.02;-1.58;-0.01;
-1.55;-0.03;-0.00;-0.00;0.00;-1.50;0.01;-1.56;-0.01;
-1.52;-0.03;-0.00;-0.00;0.01;-1.50;-0.01;-1.52;-0.04;
-1.49;-0.02;-0.00;0.00;0.01;-1.50;-0.02;-1.47;-0.06;
-1.46;-0.00;-0.00;0.00;0.00;-1.50;-0.02;-1.44;-0.02;
-1.45;0.02;-0.00;0.00;0.00;-1.50;-0.01;-1.43;0.02;
-1.46;0.03;-0.00;0.00;0.00;-1.50;-0.00;-1.45;0.04;
-1.49;0.03;-0.00;0.00;-0.00;-1.50;0.01;-1.50;0.02;
-1.53;0.02;-0.00;0.00;-0.00;-1.50;0.03;-1.53;0.02;
-1.53;-0.01;-0.00;0.00;-0.00;-1.50;0.01;-1.54;0.01;
-1.52;-0.02;-0.00;0.00;-0.00;-1.50;-0.00;-1.52;-0.03;
-1.50;-0.02;-0.00;0.00;-0.00;-1.50;-0.01;-1.50;-0.03;
-1.49;-0.00;-0.00;0.00;-0.00;-1.50;-0.01;-1.48;0.01;
-1.49;0.01;-0.00;0.00;-0.00;-1.50;-0.00;-1.49;0.02;
-1.50;0.01;-0.00;0.00;-0.00;-1.50;0.01;-1.50;0.01;
-1.51;0.00;-0.00;0.00;-0.00;-1.50;0.01;-1.51;0.00;
-1.51;-0.00;-0.00;0.00;-0.00;-1.50;0.00;-1.52;0.02;
-1.52;-0.00;-0.00;-0.00;-0.00;-1.50;0.01;-1.54;0.03;
-1.53;-0.01;-0.00;-0.00;-0.00;-1.50;0.02;-1.56;0.01;
-1.54;-0.02;-0.00;-0.00;0.00;-1.50;0.02;-1.57;-0.00;
-1.54;-0.02;-0.00;-0.00;0.00;-1.50;0.01;-1.56;-0.01;
-1.52;-0.03;-0.00;-0.00;0.00;-1.50;-0.00;-1.54;-0.02;
-1.51;-0.02;-0.00;-0.00;0.01;-1.50;-0.00;-1.51;-0.03;
-1.50;-0.01;-0.00;-0.00;0.01;-1.50;-0.00;-1.49;-0.01;
-1.49;-0.00;-0.00;-0.00;0.01;-1.50;-0.00;-1.48;0.00;
-1.48;0.00;-0.00;0.00;0.01;-1.50;-0.00;-1.46;-0.01;
-1.48;0.01;-0.00;0.00;0.00;-1.50;-0.01;-1.45;-0.02;
-1.47;0.01;-0.00;0.00;0.00;-1.50;-0.01;-1.45;-0.00;
-1.47;0.02;-0.00;0.00;0.00;-1.50;-0.00;-1.44;0.01;
-1.47;0.01;-0.00;0.00;-0.00;-1.50;-0.01;-1.44;0.00;
-1.47;0.02;-0.00;0.00;-0.00;-1.50;-0.00;-1.44;-0.01;
-1.47;0.02;-0.00;0.00;-0.01;-1.50;-0.00;-1.45;0.01;
-1.48;0.02;-0.00;0.00;-0.01;-1.50;-0.00;-1.46;0.02;
-1.48;0.02;-0.00;0.00;-0.01;-1.50;0.00;-1.47;0.01;
-1.49;0.01;-0.00;0.00;-0.01;-1.50;0.00;-1.48;0.00;
-1.50;0.01;-0.00;0.00;-0.01;-1.50;0.01;-1.50;0.02;
-1.51;0.00;-0.00;-0.00;-0.01;-1.50;0.01;-1.52;0.03;
-1.52;-0.00;-0.00;-0.00;-0.01;-1.50;0.01;-1.54;0.02;
-1.53;-0.01;-0.00;-0.00;-0.01;-1.50;0.02;-1.55;-0.01;
-1.53;-0.02;-0.00;-0.00;-0.01;-1.50;0.01;-1.54;-0.01;
-1.52;-0.02;-0.00;-0.00;-0.01;-1.50;-0.00;-1.51;-0.04;
-1.49;-0.02;-0.00;-0.00;-0.00;-1.50;-0.01;-1.46;-0.05;
-1.46;0.00;-0.00;-0.00;-0.00;-1.50;-0.02;-1.42;-0.01;
-1.45;0.02;-0.00;-0.00;-0.00;-1.50;-0.01;-1.43;0.02;
-1.47;0.04;-0.00;-0.00;-0.00;-1.50;0.01;-1.45;0.03;
-1.49;0.03;-0.00;-0.00;-0.00;-1.50;0.02;-1.49;0.01;
-1.51;0.01;-0.00;-0.00;-0.00;-1.50;0.02;-1.50;0.00;
-1.50;-0.01;-0.00;-0.00;-0.00;-1.50;0.00;-1.48;-0.02;
-1.48;-0.01;-0.00;-0.00;0.00;-1.50;-0.01;-1.45;-0.03;
-1.46;0.01;-0.00;-0.00;0.00;-1.50;-0.01;-1.44;-0.00;
-1.47;0.02;-0.00;-0.00;0.00;-1.50;0.00;-1.47;0.04;
-1.50;0.03;-0.00;-0.00;0.00;-1.50;0.02;-1.50;0.04;
-1.52;0.01;-0.00;-0.00;0.00;-1.50;0.02;-1.53;0.00;
-1.52;-0.01;-0.00;-0.00;0.00;-1.50;0.01;-1.53;-0.01;
-1.52;-0.02;-0.00;-0.00;0.01;-1.50;0.00;-1.51;-0.02;
-1.49;-0.02;-0.00;-0.00;0.01;-1.50;-0.01;-1.47;-0.03;
-1.47;-0.00;-0.00;-0.00;0.01;-1.50;-0.02;-1.45;-0.01;
-1.47;0.02;-0.00;-0.00;0.01;-1.50;-0.00;-1.47;0.03;
-1.49;0.03;-0.00;-0.00;0.01;-1.50;0.02;-1.50;0.04;
-1.52;0.01;-0.00;0.00;0.01;-1.50;0.02;-1.52;0.00;
-1.52;-0.01;-0.00;0.00;0.01;-1.50;0.01;-1.51;-0.02;
-1.50;-0.02;-0.00;0.00;0.01;-1.50;-0.01;-1.50;-0.01;
-1.49;-0.00;-0.00;0.00;0.00;-1.50;-0.01;-1.49;-0.00;
-1.49;0.01;-0.00;0.00;0.00;-1.50;0.00;-1.48;-0.01;
-1.49;0.01;-0.00;0.00;0.00;-1.50;-0.00;-1.47;-0.01;
-1.48;0.00;-0.00;0.00;0.00;-1.50;-0.01;-1.47;0.00;
-1.48;0.01;-0.00;0.00;-0.00;-1.50;-0.00;-1.47;0.01;
-1.49;0.01;-0.00;0.00;-0.00;-1.50;0.00;-1.46;0.00;
-1.48;0.01;-0.00;0.00;-0.01;-1.50;-0.01;-1.47;-0.01;
-1.49;0.01;-0.00;0.00;-0.01;-1.50;0.00;-1.48;0.01;
-1.50;0.01;-0.00;0.00;-0.01;-1.50;0.01;-1.49;0.02;
-1.50;0.00;-0.00;0.00;-0.01;-1.50;0.00;-1.51;0.01;
-1.51;0.00;-0.00;0.00;-0.01;-1.50;0.01;-1.53;0.01;
-1.52;-0.00;-0.00;-0.00;-0.01;-1.50;0.01;-1.54;0.02;
-1.53;-0.01;-0.00;-0.00;-0.01;-1.50;0.01;-1.55;0.01;
-1.53;-0.02;-0.00;-0.00;-0.01;-1.50;0.01;-1.54;-0.03;
-1.52;-0.02;-0.00;-0.00;-0.00;-1.50;-0.00;-1.52;-0.02;
-1.50;-0.01;-0.00;-0.00;-0.00;-1.50;-0.01;-1.49;-0.00;
-1.48;-0.00;-0.00;-0.00;-0.00;-1.50;-0.01;-1.47;-0.02;
-1.48;0.01;-0.00;-0.00;-0.00;0.50;1.08;-1.45;-0.02;
-0.71;-1.27;-0.00;-0.00;-0.00;0.50;-0.18;-0.73;-1.24;
0.67;-1.06;-0.00;-0.00;-0.00;0.50;-0.78;0.68;-1.06;
1.38;-0.13;-0.00;-0.00;0.00;0.50;-0.56;1.20;-0.16;
0.97;0.58;-0.00;-0.00;0.01;0.50;0.12;1.05;0.50;
0.44;0.42;-0.00;-0.00;0.01;0.50;0.31;0.51;0.39;
0.22;0.04;-0.00;-0.00;0.01;0.50;0.19;0.26;0.03;
0.33;-0.18;-0.00;-0.00;0.00;0.50;-0.02;0.35;-0.18;
0.54;-0.16;-0.00;0.00;0.00;0.50;-0.12;0.56;-0.17;
0.65;-0.01;-0.00;0.00;0.00;0.50;-0.09;0.68;-0.02;
0.62;0.09;-0.00;0.00;0.00;0.50;-0.00;0.65;0.08;
0.53;0.09;-0.00;0.00;-0.00;0.50;0.05;0.56;0.08;
0.48;0.04;-0.00;0.00;-0.00;0.50;0.04;0.50;0.02;
0.48;-0.01;-0.00;0.00;-0.01;0.50;0.00;0.49;-0.02;
0.50;-0.02;-0.00;0.00;-0.01;0.50;-0.01;0.50;-0.00;
0.51;-0.00;-0.00;0.00;-0.01;0.50;-0.01;0.50;0.02;
0.50;0.01;-0.00;0.00;-0.01;0.50;0.01;0.48;0.01;
0.48;0.01;-0.00;-0.00;-0.01;0.50;0.02;0.46;0.01;
0.46;-0.01;-0.00;-0.00;-0.00;0.50;0.02;0.45;0.00;
0.47;-0.02;-0.00;-0.00;-0.00;0.50;0.01;0.46;-0.01;
0.49;-0.02;-0.00;-0.00;-0.00;0.50;-0.01;0.49;-0.02;
0.51;-0.01;-0.00;-0.00;-0.00;0.50;-0.01;0.51;-0.03;
0.51;0.00;-0.00;-0.00;-0.00;0.50;-0.00;0.53;-0.01;
0.52;0.00;-0.00;-0.00;-0.00;0.50;-0.00;0.54;0.00;
0.53;0.01;-0.00;-0.00;-0.00;0.50;-0.01;0.55;-0.01;
0.53;0.01;-0.00;-0.00;-0.00;0.50;-0.00;0.56;-0.01;
0.53;0.02;-0.00;-0.00;-0.00;0.50;-0.00;0.56;-0.01;
0.54;0.02;-0.00;-0.00;-0.00;0.50;-0.00;0.57;0.01;
0.54;0.02;-0.00;-0.00;-0.01;0.50;-0.01;0.57;0.01;
0.54;0.02;-0.00;-0.00;-0.01;0.50;-0.00;0.57;-0.00;
0.54;0.02;-0.00;-0.00;-0.01;0.50;-0.00;0.56;-0.00;
0.53;0.02;-0.00;-0.00;-0.01;0.50;0.00;0.55;0.01;
0.52;0.02;-0.00;-0.00;-0.01;0.50;0.00;0.54;0.02;
0.52;0.02;-0.00;-0.00;-0.01;0.50;0.00;0.53;0.01;
0.51;0.01;-0.00;-0.00;-0.01;0.50;0.01;0.51;0.01;
0.50;0.01;-0.00;-0.00;-0.01;0.50;0.01;0.49;0.02;
0.49;0.00;-0.00;-0.00;-0.01;0.50;0.01;0.48;0.01;
0.49;-0.01;-0.00;-0.00;-0.01;0.50;0.01;0.49;-0.02;
0.50;-0.01;-0.00;-0.00;-0.00;0.50;-0.00;0.52;-0.03;
0.53;-0.01;-0.00;-0.00;-0.00;0.50;-0.01;0.54;-0.02;
0.53;0.01;-0.00;-0.00;-0.00;0.50;-0.00;0.54;0.02;
0.52;0.02;-0.00;-0.00;-0.00;0.50;0.01;0.54;0.01;
0.51;0.02;-0.00;-0.00;-0.00;0.50;0.01;0.53;0.00;
0.51;0.01;-0.00;-0.00;0.00;0.50;0.00;0.51;0.01;
0.50;0.01;-0.00;-0.00;0.00;0.50;0.01;0.49;0.03;
0.48;0.00;-0.00;-0.00;0.00;0.50;0.02;0.48;0.01;
0.48;-0.01;-0.00;-0.00;0.01;0.50;0.01;0.49;-0.03;
0.50;-0.02;-0.00;-0.00;0.01;0.50;-0.01;0.52;-0.03;
0.52;-0.00;-0.00;-0.00;0.01;0.50;-0.01;0.54;-0.01;
0.53;0.01;-0.00;-0.00;0.01;0.50;-0.01;0.54;0.02;
0.52;0.02;-0.00;-0.00;0.01;0.50;0.00;0.54;0.01;
0.51;0.02;-0.00;-0.00;0.01;0.50;0.01;0.53;0.00;
0.51;0.01;-0.00;0.00;0.01;0.50;0.00;0.51;0.02;
0.50;0.01;-0.00;0.00;0.01;0.50;0.01;0.49;0.03;
0.48;0.00;-0.00;0.00;0.01;0.50;0.01;0.47;0.03;
0.47;-0.01;-0.00;0.00;0.01;0.50;0.01;0.46;-0.01;
0.47;-0.02;-0.00;0.00;0.01;0.50;0.00;0.47;-0.03;
0.49;-0.02;-0.00;0.00;0.01;0.50;-0.01;0.49;-0.01;
0.51;-0.01;-0.00;0.00;0.01;0.50;-0.01;0.52;-0.01;
0.52;0.00;-0.00;0.00;0.00;0.50;-0.01;0.52;0.01;
0.51;0.01;-0.00;0.00;0.00;0.50;0.00;0.49;0.02;
0.48;0.01;-0.00;0.00;0.00;0.50;0.02;0.45;0.03;
0.45;-0.00;-0.00;0.00;0.00;0.50;0.02;0.42;0.03;
0.44;-0.02;-0.00;0.00;0.00;0.50;0.01;0.41;0.01;
0.45;-0.03;-0.00;0.00;0.00;0.50;0.00;0.42;-0.03;
0.47;-0.03;-0.00;0.00;0.00;0.50;-0.01;0.45;-0.03;
0.49;-0.02;-0.00;0.00;0.00;0.50;-0.01;0.48;-0.02;
0.50;-0.01;-0.00;0.00;0.00;0.50;-0.01;0.50;-0.00;
0.51;-0.00;-0.00;0.00;0.00;0.50;-0.01;0.52;-0.01;
0.51;0.00;-0.00;0.00;0.00;0.50;-0.01;0.54;-0.02;
0.53;0.01;-0.00;0.00;-0.00;0.50;-0.01;0.54;-0.02;
0.53;0.01;-0.00;0.00;-0.00;0.50;-0.01;0.54;0.02;
0.52;0.02;-0.00;0.00;-0.01;0.50;-0.00;0.52;0.03;
0.50;0.02;-0.00;0.00;-0.01;0.50;0.01;0.50;0.03;
0.49;0.00;-0.00;0.00;-0.01;0.50;0.01;0.49;-0.01;
0.49;-0.01;-0.00;0.00;-0.01;0.50;0.00;0.48;-0.00;
0.49;-0.01;-0.00;0.00;-0.01;0.50;0.00;0.48;0.01;
0.49;-0.00;-0.00;0.00;-0.01;0.50;0.00;0.47;0.02;
0.48;-0.00;-0.00;-0.00;-0.01;0.50;0.01;0.46;0.01;
0.47;-0.01;-0.00;-0.00;-0.01;0.50;0.01;0.46;-0.02;
0.48;-0.02;-0.00;-0.00;-0.01;0.50;0.00;0.48;-0.02;
0.50;-0.02;-0.00;-0.00;-0.00;0.50;-0.01;0.52;-0.02;
0.53;-0.01;-0.00;-0.00;-0.00;0.50;-0.02;0.55;-0.03;
0.55;0.01;-0.00;-0.00;-0.00;0.50;-0.01;0.57;-0.01;
0.54;0.03;-0.00;-0.00;-0.01;0.50;-0.00;0.55;0.03;
0.52;0.03;-0.00;-0.00;-0.01;0.50;0.01;0.53;0.04;
0.50;0.02;-0.00;-0.00;-0.00;0.50;0.02;0.50;0.01;
0.49;0.00;-0.00;-0.00;-0.00;0.50;0.01;0.51;-0.06;
0.51;-0.01;-0.00;-0.00;-0.00;0.50;-0.01;0.52;-0.01;
0.52;-0.00;-0.00;-0.00;-0.00;0.50;-0.01;0.54;0.01;
0.52;0.01;-0.00;-0.00;-0.00;0.50;-0.00;0.54;-0.00;
0.52;0.02;-0.00;-0.00;-0.00;0.50;0.00;0.54;-0.01;
0.52;0.01;-0.00;-0.00;-0.00;0.50;-0.00;0.55;-0.00;
0.53;0.01;-0.00;-0.00;-0.00;0.50;-0.01;0.55;0.01;
0.53;0.02;-0.00;-0.00;-0.00;0.50;-0.00;0.54;0.01;
0.52;0.02;-0.00;-0.00;-0.00;0.50;0.00;0.54;0.00;
0.52;0.01;-0.00;-0.00;-0.00;0.50;0.00;0.53;-0.00;
0.51;0.01;-0.00;-0.00;-0.00;0.50;0.00;0.52;0.02;
0.51;0.01;-0.00;-0.00;-0.00;0.50;0.01;0.51;0.03;
0.50;0.01;-0.00;-0.00;-0.00;0.50;0.01;0.49;0.02;
0.48;0.00;-0.00;-0.00;0.00;0.50;0.01;0.47;0.01;
0.47;-0.01;-0.00;-0.00;0.00;0.50;0.01;0.45;-0.00;
0.47;-0.01;-0.00;-0.00;0.00;0.50;0.01;0.47;-0.01;
0.49;-0.02;-0.00;-0.00;0.01;0.50;-0.01;0.51;-0.04;
0.52;-0.02;-0.00;-0.00;0.01;0.50;-0.02;0.55;-0.05;
0.55;0.01;-0.00;-0.00;0.00;0.50;-0.02;0.59;-0.02;
0.56;0.03;-0.00;-0.00;0.00;0.50;-0.01;0.59;0.02;
0.54;0.04;-0.00;0.00;0.00;0.50;0.00;0.56;0.05;
0.51;0.03;-0.00;0.00;0.00;0.50;0.01;0.52;0.04;
0.49;0.01;-0.00;0.00;-0.00;0.50;0.01;0.49;0.01;
0.48;-0.00;-0.00;0.00;-0.00;0.50;0.01;0.47;-0.00;
0.48;-0.01;-0.00;0.00;-0.00;0.50;0.00;0.49;-0.01;
0.50;-0.02;-0.00;0.00;-0.00;0.50;-0.01;0.52;-0.02;
0.52;-0.01;-0.00;0.00;-0.00;0.50;-0.02;0.53;-0.00;
0.52;0.01;-0.00;0.00;-0.00;0.50;-0.00;0.50;0.03;
0.48;0.02;-0.00;0.00;-0.00;0.50;0.02;0.47;0.04;
0.46;-0.00;-0.00;-0.00;-0.00;0.50;0.02;0.44;0.02;
0.46;-0.02;-0.00;-0.00;0.00;0.50;0.01;0.43;-0.01;
0.47;-0.03;-0.00;-0.00;0.00;0.50;0.00;0.45;-0.04;
0.49;-0.02;-0.00;-0.00;0.00;0.50;-0.01;0.49;-0.02;
0.51;-0.01;-0.00;-0.00;0.00;0.50;-0.01;0.52;-0.01;
0.52;0.00;-0.00;-0.00;0.00;0.50;-0.01;0.53;0.00;
0.52;0.01;-0.00;0.00;0.00;0.50;-0.00;0.52;0.02;
0.50;0.02;-0.00;0.00;0.00;0.50;0.01;0.48;0.02;
0.47;0.01;-0.00;0.00;0.00;0.50;0.02;0.45;0.02;
0.46;-0.02;-0.00;0.00;0.00;0.50;0.01;0.45;0.00;
0.48;-0.03;-0.00;0.00;0.00;0.50;-0.01;0.48;-0.03;
0.50;-0.02;-0.00;0.00;0.00;0.50;-0.01;0.51;-0.04;
0.52;-0.00;-0.00;0.00;0.00;0.50;-0.01;0.53;-0.01;
0.52;0.01;-0.00;0.00;0.00;0.50;-0.01;0.53;0.03;
0.51;0.02;-0.00;0.00;0.00;0.50;0.01;0.49;0.03;
0.48;0.01;-0.00;0.00;0.00;0.50;0.02;0.46;0.02;
0.46;-0.01;-0.00;0.00;0.00;0.50;0.01;0.44;-0.00;
0.46;-0.02;-0.00;0.00;0.00;0.50;0.01;0.45;-0.01;
0.48;-0.02;-0.00;0.00;0.00;0.50;-0.00;0.46;0.00;
0.49;-0.02;-0.00;0.00;0.00;0.50;-0.00;0.47;-0.00;
0.49;-0.01;-0.00;0.00;0.00;0.50;0.00;0.48;-0.01;
0.49;-0.01;-0.00;0.00;0.00;0.50;0.00;0.49;-0.01;
0.50;-0.01;-0.00;0.00;0.00;0.50;-0.00;0.49;0.00;
0.50;-0.00;-0.00;0.00;0.00;0.50;-0.00;0.49;0.01;
0.50;-0.00;-0.00;0.00;0.00;0.50;0.00;0.49;0.01;
0.49;-0.00;-0.00;0.00;0.00;0.50;0.00;0.48;-0.00;
0.49;-0.01;-0.00;0.00;0.00;0.50;0.00;0.48;0.00;
0.49;-0.01;-0.00;0.00;0.00;0.50;0.00;0.46;0.02;
0.48;-0.01;-0.00;0.00;0.00;0.50;0.01;0.45;0.02;
0.46;-0.01;-0.00;0.00;0.00;0.50;0.01;0.44;-0.01;
0.47;-0.02;-0.00;0.00;0.00;0.50;0.00;0.46;-0.04;
0.49;-0.02;-0.00;0.00;0.00;0.50;-0.01;0.50;-0.03;
0.52;-0.01;-0.00;0.00;0.00;0.50;-0.02;0.51;0.01;
0.51;0.01;-0.00;0.00;0.00;0.50;-0.00;0.50;0.03;
0.49;0.01;-0.00;0.00;0.00;0.50;0.02;0.46;0.02;
0.46;-0.00;-0.00;0.00;0.00;0.50;0.02;0.44;-0.00;
0.46;-0.02;-0.00;0.00;0.00;0.50;0.01;0.45;-0.01;
0.48;-0.03;-0.00;0.00;0.00;0.50;-0.01;0.46;0.00;
0.49;-0.01;-0.00;0.00;0.00;0.50;-0.00;0.47;-0.00;
0.49;-0.00;-0.00;0.00;0.00;0.50;0.00;0.48;-0.01;
0.49;-0.01;-0.00;0.00;0.00;0.50;0.00;0.49;-0.01;
0.50;-0.01;-0.00;0.00;0.00;0.50;-0.00;0.49;0.00;
0.49;-0.00;-0.00;0.00;0.00;0.50;0.00;0.49;0.02;
0.49;-0.00;-0.00;0.00;0.00;0.50;0.00;0.49;0.01;
0.49;-0.01;-0.00;0.00;0.00;0.50;0.00;0.48;-0.00;
0.49;-0.00;-0.00;0.00;0.00;0.50;0.01;0.47;0.00;
0.48;-0.01;-0.00;0.00;0.00;0.50;0.01;0.46;0.02;
0.47;-0.01;-0.00;0.00;0.00;0.50;0.01;0.44;0.02;
0.47;-0.01;-0.00;0.00;0.00;0.50;0.01;0.42;0.02;
0.45;-0.02;-0.00;0.00;0.01;0.50;0.02;0.42;-0.02;
0.45;-0.03;-0.00;0.00;0.01;0.50;0.01;0.43;-0.02;
0.47;-0.03;-0.00;0.00;0.01;0.50;-0.01;0.46;-0.01;
0.50;-0.02;-0.00;0.00;0.01;0.50;-0.01;0.49;-0.01;
0.50;-0.00;-0.00;0.00;0.01;0.50;-0.00;0.50;-0.00;
0.50;0.00;-0.00;0.00;0.01;0.50;0.00;0.49;-0.00;
0.49;0.00;-0.00;0.00;0.01;0.50;0.01;0.48;0.01;
0.48;-0.01;-0.00;0.00;0.01;0.50;0.01;0.46;0.03;
0.48;-0.01;-0.00;0.00;0.00;0.50;0.01;0.44;0.02;
0.46;-0.01;-0.00;0.00;0.01;0.50;0.01;0.42;0.01;
0.45;-0.02;-0.00;0.00;0.01;0.50;0.02;0.41;-0.01;
0.45;-0.03;-0.00;0.00;0.01;0.50;0.01;0.43;-0.01;
0.47;-0.03;-0.00;0.00;0.01;0.50;-0.01;0.45;-0.01;
0.49;-0.02;-0.00;0.00;0.01;0.50;-0.01;0.47;-0.02;
0.49;-0.01;-0.00;0.00;0.01;0.50;-0.00;0.49;-0.03;
0.50;-0.00;-0.00;0.00;0.00;0.50;-0.00;0.51;-0.01;
0.51;-0.00;-0.00;0.00;0.00;0.50;-0.01;0.52;0.00;
0.52;0.01;-0.00;0.00;0.00;0.50;-0.01;0.52;0.02;
0.51;0.01;-0.00;0.00;-0.00;0.50;0.00;0.50;0.02;
0.49;0.01;-0.00;0.00;-0.00;0.50;0.01;0.48;0.01;
0.47;-0.00;-0.00;0.00;-0.00;0.50;0.01;0.46;0.00;
0.47;-0.01;-0.00;0.00;-0.00;0.50;0.01;0.48;-0.00;
0.50;-0.02;-0.00;0.00;-0.01;0.50;-0.01;0.50;-0.02;
0.51;-0.01;-0.00;0.00;-0.01;0.50;-0.01;0.50;-0.00;
0.50;0.01;-0.00;0.00;-0.01;0.50;0.01;0.48;0.03;
0.48;0.01;-0.00;0.00;-0.01;0.50;0.02;0.44;0.05;
0.45;-0.01;-0.00;0.00;-0.01;0.50;0.03;0.41;0.02;
0.44;-0.03;-0.00;-0.00;-0.00;0.50;0.02;0.40;-0.01;
0.45;-0.04;-0.00;-0.00;-0.00;0.50;0.00;0.42;-0.03;
0.47;-0.03;-0.00;-0.00;0.00;0.50;-0.00;0.45;-0.01;
0.49;-0.02;-0.00;-0.00;0.00;0.50;-0.00;0.48;-0.01;
0.50;-0.01;-0.00;-0.00;0.00;0.50;-0.00;0.50;-0.02;
0.51;-0.00;-0.00;-0.00;0.01;0.50;-0.00;0.52;-0.03;
0.52;0.00;-0.00;-0.00;0.01;0.50;-0.00;0.54;-0.01;
0.52;0.01;-0.00;-0.00;0.00;0.50;-0.00;0.55;0.00;
0.54;0.01;-0.00;0.00;0.00;-1.50;-1.09;0.56;-0.00;
-0.23;1.30;-0.00;0.00;0.00;-1.50;0.16;-0.17;1.18;
-1.61;1.10;-0.00;0.00;-0.00;-1.50;0.78;-1.58;1.09;
-2.34;0.17;-0.00;0.00;-0.01;-1.50;0.56;-2.37;0.21;
-2.17;-0.50;-0.00;0.00;-0.00;-1.50;0.04;-2.20;-0.47;
-1.58;-0.53;-0.00;0.00;-0.00;-1.50;-0.30;-1.59;-0.53;
-1.17;-0.17;-0.00;0.00;-0.00;-1.50;-0.28;-1.16;-0.18;
-1.17;0.17;-0.00;0.00;-0.00;-1.50;-0.07;-1.13;0.14;
-1.38;0.24;-0.00;0.00;-0.01;-1.50;0.10;-1.34;0.20;
-1.57;0.12;-0.00;0.00;-0.01;-1.50;0.12;-1.54;0.11;
-1.60;-0.02;-0.00;0.00;-0.01;-1.50;0.04;-1.58;-0.02;
-1.53;-0.08;-0.00;-0.00;-0.01;-1.50;-0.03;-1.52;-0.09;
-1.45;-0.04;-0.00;-0.00;-0.01;-1.50;-0.05;-1.45;-0.03;
-1.45;0.02;-0.00;-0.00;-0.01;-1.50;-0.01;-1.45;0.03;
-1.49;0.04;-0.00;-0.00;-0.01;-1.50;0.02;-1.49;0.05;
-1.52;0.02;-0.00;-0.00;-0.01;-1.50;0.03;-1.53;0.01;
-1.54;-0.01;-0.00;-0.00;-0.01;-1.50;0.02;-1.54;-0.01;
-1.52;-0.02;-0.00;-0.00;-0.00;-1.50;0.00;-1.50;-0.03;
-1.48;-0.02;-0.00;-0.00;-0.00;-1.50;-0.02;-1.46;-0.04;
-1.46;0.00;-0.00;-0.00;-0.00;-1.50;-0.01;-1.43;-0.01;
-1.46;0.02;-0.00;-0.00;-0.00;-1.50;-0.00;-1.43;0.03;
-1.47;0.03;-0.00;-0.00;-0.00;-1.50;0.01;-1.45;0.02;
-1.49;0.02;-0.00;-0.00;-0.00;-1.50;0.01;-1.48;0.01;
-1.50;0.01;-0.00;-0.00;-0.00;-1.50;0.01;-1.49;0.00;
-1.50;0.00;-0.00;-0.00;0.00;-1.50;0.00;-1.48;-0.01;
-1.48;-0.00;-0.00;-0.00;0.00;-1.50;-0.01;-1.45;-0.02;
-1.46;0.01;-0.00;-0.00;0.00;-1.50;-0.01;-1.43;-0.03;
-1.46;0.02;-0.00;-0.00;0.00;-1.50;-0.01;-1.43;0.01;
-1.46;0.03;-0.00;-0.00;-0.00;-1.50;0.00;-1.44;0.03;
-1.48;0.03;-0.00;-0.00;-0.00;-1.50;0.01;-1.46;0.01;
-1.49;0.01;-0.00;-0.00;-0.00;-1.50;0.01;-1.48;0.01;
-1.49;0.01;-0.00;-0.00;-0.00;-1.50;0.01;-1.50;0.03;
-1.51;0.01;-0.00;-0.00;0.00;-1.50;0.01;-1.53;0.03;
-1.53;-0.00;-0.00;-0.00;0.00;-1.50;0.02;-1.54;-0.00;
-1.52;-0.02;-0.00;-0.00;0.00;-1.50;0.01;-1.53;-0.02;
-1.51;-0.02;-0.00;-0.00;0.00;-1.50;-0.00;-1.51;-0.01;
-1.50;-0.01;-0.00;-0.00;0.01;-1.50;-0.01;-1.49;-0.01;
-1.48;-0.00;-0.00;-0.00;0.01;-1.50;-0.01;-1.47;-0.02;
-1.48;0.01;-0.00;-0.00;0.00;-1.50;-0.00;-1.46;-0.01;
-1.48;0.01;-0.00;0.00;0.00;-1.50;-0.00;-1.46;0.01;
-1.48;0.01;-0.00;0.00;0.00;-1.50;-0.00;-1.45;-0.00;
-1.47;0.01;-0.00;0.00;0.00;-1.50;-0.01;-1.45;-0.01;
-1.47;0.02;-0.00;0.00;-0.00;-1.50;-0.00;-1.44;-0.00;
-1.47;0.02;-0.00;0.00;-0.00;-1.50;-0.00;-1.45;0.02;
-1.47;0.02;-0.00;0.00;-0.00;-1.50;-0.00;-1.45;0.01;
-1.48;0.02;-0.00;0.00;-0.01;-1.50;-0.00;-1.46;-0.00;
-1.49;0.01;-0.00;0.00;-0.01;-1.50;0.00;-1.47;0.01;
-1.49;0.01;-0.00;0.00;-0.01;-1.50;0.00;-1.49;0.03;
-1.50;0.01;-0.00;0.00;-0.01;-1.50;0.01;-1.51;0.02;
-1.51;0.00;-0.00;-0.00;-0.01;-1.50;0.01;-1.53;0.01;
-1.52;-0.00;-0.00;-0.00;-0.01;-1.50;0.01;-1.54;0.00;
-1.52;-0.01;-0.00;-0.00;-0.01;-1.50;0.01;-1.53;-0.01;
-1.51;-0.02;-0.00;-0.00;-0.01;-1.50;-0.00;-1.50;-0.03;
-1.48;-0.01;-0.00;-0.00;-0.00;-1.50;-0.01;-1.48;-0.02;
-1.48;0.01;-0.00;-0.00;-0.00;-1.50;-0.00;-1.47;0.02;
-1.49;0.02;-0.00;-0.00;-0.00;-1.50;0.01;-1.48;0.02;
-1.50;0.01;-0.00;-0.00;-0.00;-1.50;0.01;-1.50;0.00;
-1.51;0.00;-0.00;-0.00;-0.00;-1.50;0.01;-1.50;-0.01;
-1.50;-0.00;-0.00;-0.00;0.00;-1.50;0.00;-1.49;0.01;
-1.49;-0.00;-0.00;-0.00;0.00;-1.50;-0.00;-1.49;0.00;
-1.49;0.00;-0.00;-0.00;0.00;-1.50;0.00;-1.49;-0.01;
-1.50;0.01;-0.00;-0.00;0.00;-1.50;0.01;-1.49;0.00;
-1.50;0.00;-0.00;-0.00;0.00;-1.50;0.00;-1.50;0.02;
-1.50;-0.00;-0.00;-0.00;0.00;-1.50;0.00;-1.51;0.01;
-1.51;0.00;-0.00;-0.00;0.01;-1.50;0.01;-1.52;-0.00;
-1.52;-0.00;-0.00;-0.00;0.01;-1.50;0.01;-1.53;0.01;
-1.52;-0.01;-0.00;-0.00;0.01;-1.50;0.01;-1.54;0.01;
-1.52;-0.01;-0.00;-0.00;0.01;-1.50;0.01;-1.52;-0.03;
-1.50;-0.02;-0.00;0.00;0.01;-1.50;-0.01;-1.48;-0.04;
-1.47;-0.01;-0.00;0.00;0.01;-1.50;-0.02;-1.45;-0.02;
-1.46;0.01;-0.00;0.00;0.01;-1.50;-0.01;-1.44;0.01;
-1.47;0.02;-0.00;0.00;0.01;-1.50;-0.00;-1.46;0.03;
-1.49;0.02;-0.00;0.00;0.00;-1.50;0.01;-1.50;0.02;
-1.52;0.01;-0.00;0.00;0.00;-1.50;0.02;-1.54;0.04;
-1.54;-0.00;-0.00;0.00;0.00;-1.50;0.02;-1.57;0.03;
-1.55;-0.02;-0.00;0.00;0.00;-1.50;0.01;-1.57;-0.01;
-1.53;-0.03;-0.00;0.00;0.00;-1.50;-0.00;-1.55;-0.04;
-1.51;-0.02;-0.00;0.00;0.00;-1.50;-0.01;-1.51;-0.02;
-1.49;-0.01;-0.00;0.00;0.00;-1.50;-0.01;-1.48;-0.01;
-1.48;0.00;-0.00;0.00;0.00;-1.50;-0.01;-1.47;0.00;
-1.48;0.01;-0.00;0.00;-0.00;-1.50;-0.00;-1.49;0.02;
-1.50;0.01;-0.00;0.00;-0.00;-1.50;0.01;-1.52;0.03;
-1.53;0.00;-0.00;0.00;-0.00;-1.50;0.02;-1.55;0.02;
-1.54;-0.01;-0.00;0.00;-0.00;-1.50;0.01;-1.55;-0.01;
-1.53;-0.02;-0.00;0.00;-0.00;-1.50;-0.00;-1.52;-0.04;
-1.50;-0.02;-0.00;0.00;-0.00;-1.50;-0.02;-1.49;-0.02;
-1.47;-0.00;-0.00;0.00;-0.00;-1.50;-0.02;-1.47;0.00;
-1.48;0.02;-0.00;0.00;-0.00;-1.50;0.00;-1.48;0.02;
-1.50;0.02;-0.00;0.00;-0.00;-1.50;0.01;-1.51;0.02;
-1.52;0.00;-0.00;0.00;-0.00;-1.50;0.01;-1.53;0.01;
-1.52;-0.01;-0.00;-0.00;-0.00;-1.50;0.01;-1.52;-0.01;
-1.51;-0.02;-0.00;-0.00;-0.00;-1.50;-0.00;-1.50;-0.03;
-1.49;-0.01;-0.00;-0.00;-0.00;-1.50;-0.01;-1.49;-0.01;
-1.49;0.00;-0.00;-0.00;-0.00;-1.50;-0.00;-1.48;0.00;
-1.49;0.01;-0.00;-0.00;-0.00;-1.50;0.00;-1.47;-0.01;
-1.48;0.01;-0.00;-0.00;-0.00;-1.50;-0.00;-1.46;-0.01;
-1.47;0.01;-0.00;-0.00;-0.00;-1.50;-0.01;-1.46;0.00;
-1.48;0.02;-0.00;-0.00;-0.01;-1.50;0.00;-1.46;0.01;
-1.48;0.01;-0.00;-0.00;-0.01;-1.50;0.00;-1.46;-0.00;
-1.48;0.01;-0.00;-0.00;-0.01;-1.50;0.00;-1.47;-0.00;
-1.48;0.01;-0.00;-0.00;-0.01;-1.50;0.00;-1.48;0.02;
-1.49;0.01;-0.00;-0.00;-0.01;-1.50;0.01;-1.49;0.02;
-1.50;0.01;-0.00;-0.00;-0.00;-1.50;0.01;-1.51;0.01;
-1.51;0.00;-0.00;-0.00;-0.00;-1.50;0.01;-1.51;-0.01;
-1.51;-0.01;-0.00;-0.00;-0.00;-1.50;0.00;-1.49;-0.01;
-1.49;-0.01;-0.00;-0.00;-0.00;-1.50;-0.01;-1.46;-0.03;
-1.46;0.00;-0.00;-0.00;-0.00;-1.50;-0.01;-1.45;-0.01;
-1.47;0.02;-0.00;-0.00;-0.00;-1.50;-0.00;-1.46;0.03;
-1.49;0.03;-0.00;-0.00;-0.00;-1.50;0.02;-1.50;0.04;
-1.52;0.01;-0.00;-0.00;0.00;-1.50;0.02;-1.53;0.01;
-1.53;-0.01;-0.00;-0.00;0.00;-1.50;0.01;-1.52;-0.02;
-1.51;-0.02;-0.00;-0.00;0.00;-1.50;-0.01;-1.50;-0.02;
-1.48;-0.01;-0.00;-0.00;0.00;-1.50;-0.01;-1.46;-0.02;
-1.47;0.01;-0.00;-0.00;0.00;-1.50;-0.01;-1.44;-0.01;
-1.46;0.02;-0.00;-0.00;0.00;-1.50;-0.01;-1.45;0.02;
-1.48;0.03;-0.00;-0.00;0.00;-1.50;0.01;-1.48;0.04;
-1.51;0.02;-0.00;-0.00;0.00;-1.50;0.02;-1.51;0.03;
-1.52;-0.00;-0.00;-0.00;0.00;-1.50;0.01;-1.53;-0.00;
-1.52;-0.01;-0.00;-0.00;0.00;-1.50;0.00;-1.53;-0.02;
-1.51;-0.01;-0.00;-0.00;0.00;-1.50;-0.00;-1.51;0.00;
-1.50;-0.01;-0.00;0.00;0.00;-1.50;-0.00;-1.50;-0.01;
-1.49;-0.00;-0.00;0.00;0.00;-1.50;-0.00;-1.49;-0.02;
-1.49;0.00;-0.00;0.00;0.00;-1.50;-0.00;-1.48;-0.01;
-1.49;0.01;-0.00;0.00;0.00;-1.50;-0.00;-1.48;0.01;
-1.49;0.01;-0.00;0.00;0.00;-1.50;-0.00;-1.47;0.01;
-1.48;0.01;-0.00;0.00;0.00;-1.50;-0.00;-1.48;-0.01;
-1.49;0.01;-0.00;0.00;-0.00;-1.50;0.00;-1.48;0.00;
-1.50;0.00;-0.00;0.00;-0.00;-1.50;0.00;-1.49;0.02;
-1.50;0.00;-0.00;0.00;-0.00;-1.50;0.00;-1.51;0.02;
-1.51;0.00;-0.00;0.00;-0.00;-1.50;0.01;-1.52;0.01;
-1.52;-0.00;-0.00;0.00;-0.00;-1.50;0.01;-1.54;0.01;
-1.53;-0.01;-0.00;0.00;-0.00;-1.50;0.01;-1.56;0.03;
-1.54;-0.01;-0.00;0.00;-0.00;-1.50;0.01;-1.58;0.02;
-1.55;-0.02;-0.00;-0.00;0.00;-1.50;0.02;-1.59;-0.01;
-1.55;-0.03;-0.00;-0.00;0.00;-1.50;0.01;-1.58;-0.02;
-1.54;-0.04;-0.00;-0.00;0.01;-1.50;-0.00;-1.55;-0.03;
-1.51;-0.03;-0.00;-0.00;0.01;-1.50;-0.01;-1.50;-0.04;
-1.48;-0.01;-0.00;0.00;0.01;-1.50;-0.02;-1.47;-0.02;
-1.47;0.01;-0.00;0.00;0.01;-1.50;-0.01;-1.47;0.02;
-1.49;0.02;-0.00;0.00;0.01;-1.50;0.01;-1.48;0.02;
-1.50;0.01;-0.00;0.00;0.00;-1.50;0.01;-1.50;0.01;
-1.51;-0.00;-0.00;0.00;0.00;-1.50;0.01;-1.52;-0.01;
-1.51;-0.00;-0.00;0.00;0.00;-1.50;0.00;-1.51;0.01;
-1.50;-0.01;-0.00;0.00;0.00;-1.50;-0.01;-1.51;0.01;
-1.50;0.00;-0.00;0.00;0.00;-1.50;0.00;-1.52;0.00;
-1.52;0.00;-0.00;0.00;0.00;-1.50;0.01;-1.53;-0.00;
-1.52;-0.01;-0.00;0.00;0.00;-1.50;0.00;-1.52;-0.01;
-1.51;-0.01;-0.00;0.00;0.00;-1.50;-0.01;-1.51;-0.00;
-1.49;-0.01;-0.00;0.00;0.00;-1.50;-0.01;-1.50;-0.01;
-1.49;0.00;-0.00;0.00;-0.00;-1.50;-0.00;-1.49;-0.01;
-1.49;0.00;-0.00;0.00;-0.00;-1.50;-0.00;-1.48;0.00;
-1.49;0.00;-0.00;0.00;-0.00;-1.50;-0.00;-1.48;0.01;
-1.49;0.01;-0.00;0.00;-0.00;-1.50;-0.00;-1.48;0.00;
-1.49;0.01;-0.00;0.00;-0.01;-1.50;0.00;-1.49;-0.01;
-1.50;0.01;-0.00;0.00;-0.01;-1.50;0.00;-1.49;0.01;
-1.50;0.00;-0.00;0.00;-0.01;-1.50;0.00;-1.51;0.02;
-1.51;0.00;-0.00;0.00;-0.01;-1.50;0.01;-1.52;0.01;
-1.52;-0.00;-0.00;-0.00;-0.01;-1.50;0.01;-1.54;0.01;
-1.53;-0.01;-0.00;-0.00;-0.01;-1.50;0.01;-1.56;0.03;
-1.54;-0.01;-0.00;-0.00;-0.00;-1.50;0.02;-1.56;0.00;
-1.54;-0.02;-0.00;-0.00;-0.00;-1.50;0.01;-1.55;-0.04;
-1.52;-0.03;-0.00;-0.00;0.00;-1.50;-0.00;-1.52;-0.02;
-1.50;-0.01;-0.00;-0.00;0.00;-1.50;-0.01;-1.49;-0.01;
-1.48;-0.00;-0.00;-0.00;0.00;-1.50;-0.01;-1.47;-0.02;
-1.48;0.01;-0.00;-0.00;0.00;-1.50;-0.00;-1.46;-0.03;
-1.47;0.01;-0.00;-0.00;0.00;-1.50;-0.00;-1.44;-0.01;
-1.46;0.01;-0.00;-0.00;0.00;-1.50;-0.01;-1.43;0.00;
-1.46;0.02;-0.00;-0.00;-0.00;-1.50;-0.01;-1.43;0.01;
-1.47;0.03;-0.00;-0.00;-0.00;-1.50;0.00;-1.45;0.01;
-1.49;0.02;-0.00;-0.00;-0.00;-1.50;0.01;-1.48;0.03;
-1.50;0.01;-0.00;-0.00;-0.00;-1.50;0.01;-1.49;0.01;
-1.50;0.00;-0.00;-0.00;-0.00;-1.50;0.00;-1.50;-0.00;
-1.50;-0.00;-0.00;-0.00;-0.00;-1.50;-0.00;-1.50;-0.00;
-1.50;0.00;-0.00;-0.00;-0.00;-1.50;0.00;-1.51;0.02;
-1.51;0.00;-0.00;-0.00;-0.00;-1.50;0.01;-1.52;0.02;
-1.52;-0.01;-0.00;-0.00;-0.00;-1.50;0.01;-1.52;-0.02;
-1.51;-0.01;-0.00;-0.00;-0.00;-1.50;-0.00;-1.50;-0.03;
-1.49;-0.01;-0.00;-0.00;-0.00;-1.50;-0.01;-1.47;-0.01;
-1.47;0.00;-0.00;-0.00;-0.00;-1.50;-0.01;-1.45;-0.00;
-1.47;0.02;-0.00;-0.00;-0.00;-1.50;-0.00;-1.46;0.01;
-1.49;0.02;-0.00;-0.00;-0.00;-1.50;0.01;-1.49;0.03;
-1.52;0.02;-0.00;-0.00;-0.00;-1.50;0.02;-1.51;0.02;
-1.51;-0.01;-0.00;-0.00;-0.00;-1.50;0.01;-1.50;-0.02;
-1.49;-0.01;-0.00;-0.00;-0.00;-1.50;-0.01;-1.49;-0.02;
-1.48;0.00;-0.00;-0.00;-0.00;-1.50;-0.01;-1.49;0.02;
-1.50;0.01;-0.00;-0.00;0.00;-1.50;0.01;-1.51;0.02;
-1.52;0.01;-0.00;-0.00;0.00;-1.50;0.02;-1.52;-0.01;
-1.51;-0.01;-0.00;-0.00;0.00;-1.50;0.00;-1.50;-0.03;
-1.49;-0.02;-0.00;-0.00;0.00;-1.50;-0.01;-1.47;-0.01;
-1.46;0.00;-0.00;-0.00;0.00;-1.50;-0.02;-1.46;0.00;
-1.47;0.02;-0.00;-0.00;0.00;-1.50;0.00;-1.47;0.02;
-1.50;0.02;-0.00;-0.00;0.00;-1.50;0.02;-1.51;0.03;
-1.52;0.01;-0.00;-0.00;0.00;-1.50;0.02;-1.54;0.02;
-1.53;-0.01;-0.00;-0.00;0.00;-1.50;0.01;-1.54;-0.01;
-1.52;-0.02;-0.00;-0.00;0.00;-1.50;-0.00;-1.51;-0.04;
-1.49;-0.02;-0.00;-0.00;0.00;-1.50;-0.01;-1.48;-0.02;
-1.47;-0.00;-0.00;0.00;0.00;-1.50;-0.01;-1.46;0.01;
-1.47;0.02;-0.00;0.00;0.00;-1.50;-0.00;-1.47;0.02;
-1.49;0.02;-0.00;0.00;0.00;-1.50;0.01;-1.50;0.02;
-1.52;0.01;-0.00;0.00;0.00;-1.50;0.02;-1.52;0.01;
-1.52;-0.01;-0.00;0.00;0.00;0.50;1.09;-1.51;-0.00;
-0.74;-1.30;-0.00;0.00;0.00;0.50;-0.18;-0.76;-1.27;
0.67;-1.08;-0.00;0.00;0.00;0.50;-0.80;0.67;-1.10;
1.39;-0.13;-0.00;0.00;0.00;0.50;-0.57;1.20;-0.15;
0.97;0.59;-0.00;-0.00;0.01;0.50;0.13;1.05;0.52;
0.44;0.42;-0.00;-0.00;0.01;0.50;0.31;0.52;0.37;
0.23;0.04;-0.00;0.00;0.00;0.50;0.17;0.29;-0.00;
0.36;-0.18;-0.00;0.00;-0.00;0.50;-0.04;0.41;-0.20;
0.59;-0.14;-0.00;0.00;-0.00;0.50;-0.14;0.63;-0.14;
0.69;0.02;-0.00;0.00;-0.01;0.50;-0.09;0.72;0.00;
0.63;0.12;-0.00;0.00;-0.01;0.50;0.01;0.65;0.11;
0.51;0.11;-0.00;0.00;-0.01;0.50;0.07;0.50;0.12;
0.42;0.03;-0.00;0.00;-0.01;0.50;0.06;0.39;0.07;
0.40;-0.04;-0.00;-0.00;-0.01;0.50;0.03;0.35;-0.00;
0.43;-0.06;-0.00;-0.00;-0.01;0.50;0.00;0.38;-0.06;
0.46;-0.05;-0.00;-0.00;-0.01;0.50;-0.01;0.44;-0.05;
0.50;-0.03;-0.00;-0.00;-0.00;0.50;-0.02;0.49;-0.01;
0.51;-0.01;-0.00;-0.00;-0.00;0.50;-0.01;0.50;0.01;
0.50;0.01;-0.00;-0.00;0.00;0.50;0.01;0.50;0.00;
0.49;0.00;-0.00;-0.00;0.00;0.50;0.01;0.49;-0.00;
0.49;-0.00;-0.00;-0.00;0.00;0.50;0.01;0.49;-0.01;
0.50;-0.01;-0.00;-0.00;0.01;0.50;-0.00;0.50;0.00;
0.51;-0.00;-0.00;-0.00;0.01;0.50;-0.00;0.52;-0.00;
0.51;0.00;-0.00;-0.00;0.01;0.50;-0.00;0.52;-0.01;
0.51;0.01;-0.00;-0.00;0.01;0.50;0.00;0.53;-0.01;
0.51;0.01;-0.00;-0.00;0.01;0.50;-0.00;0.53;0.01;
0.52;0.01;-0.00;-0.00;0.01;0.50;-0.00;0.53;0.01;
0.52;0.01;-0.00;0.00;0.01;0.50;-0.00;0.53;0.00;
0.51;0.01;-0.00;0.00;0.00;0.50;0.00;0.52;-0.00;
0.50;0.01;-0.00;0.00;0.00;0.50;0.00;0.51;0.01;
0.50;0.00;-0.00;0.00;0.00;0.50;0.00;0.49;0.02;
0.49;0.00;-0.00;0.00;0.00;0.50;0.01;0.48;0.03;
0.48;-0.00;-0.00;0.00;0.00;0.50;0.01;0.46;0.02;
0.47;-0.01;-0.00;0.00;0.00;0.50;0.01;0.44;0.01;
0.46;-0.02;-0.00;0.00;0.00;0.50;0.01;0.42;0.00;
0.45;-0.02;-0.00;0.00;0.01;0.50;0.01;0.44;-0.01;
0.47;-0.03;-0.00;0.00;0.01;0.50;-0.01;0.47;-0.04;
0.50;-0.02;-0.00;0.00;0.01;0.50;-0.02;0.52;-0.05;
0.53;-0.01;-0.00;0.00;0.00;0.50;-0.02;0.55;-0.02;
0.54;0.02;-0.00;0.00;0.00;0.50;-0.01;0.55;0.01;
0.53;0.03;-0.00;0.00;-0.00;0.50;0.00;0.54;0.03;
0.51;0.02;-0.00;0.00;-0.00;0.50;0.01;0.52;0.02;
0.50;0.01;-0.00;0.00;-0.00;0.50;0.00;0.50;0.01;
0.49;0.00;-0.00;0.00;-0.01;0.50;0.00;0.47;0.02;
0.47;0.00;-0.00;0.00;-0.01;0.50;0.02;0.45;0.03;
0.46;-0.01;-0.00;0.00;-0.00;0.50;0.02;0.43;0.01;
0.45;-0.02;-0.00;0.00;-0.00;0.50;0.01;0.44;-0.02;
0.47;-0.03;-0.00;0.00;-0.00;0.50;-0.00;0.47;-0.05;
0.50;-0.02;-0.00;-0.00;-0.00;0.50;-0.01;0.51;-0.03;
0.53;-0.01;-0.00;-0.00;-0.00;0.50;-0.02;0.54;0.00;
0.53;0.01;-0.00;-0.00;-0.00;0.50;-0.01;0.54;0.02;
0.51;0.02;-0.00;-0.00;-0.00;0.50;0.01;0.52;0.01;
0.49;0.01;-0.00;-0.00;-0.00;0.50;0.01;0.50;-0.00;
0.49;-0.00;-0.00;-0.00;-0.00;0.50;0.00;0.52;-0.01;
0.52;-0.01;-0.00;-0.00;-0.00;0.50;-0.02;0.54;-0.02;
0.54;0.01;-0.00;-0.00;-0.01;0.50;-0.02;0.55;-0.01;
0.53;0.03;-0.00;-0.00;-0.01;0.50;0.00;0.53;0.03;
0.50;0.02;-0.00;-0.00;-0.01;0.50;0.02;0.49;0.05;
0.48;0.01;-0.00;-0.00;-0.00;0.50;0.02;0.46;0.02;
0.47;-0.01;-0.00;-0.00;-0.00;0.50;0.01;0.46;-0.02;
0.48;-0.02;-0.00;-0.00;-0.00;0.50;-0.00;0.48;-0.03;
Connected.
Connected.

Disconnected.
